0.805006	-0.281469
1.00127	-0.207402
0.98039	-0.171142
0.9016	-0.0281443
1.00723	-0.404025
0.778284	-0.16592
0.963821	-0.0984575
0.664273	-0.122206
0.811705	-0.247987
1.03902	-0.281724
1.02213	-0.227119
0.939898	-0.272834
1.06337	-0.437694
1.07305	-0.358516
0.801448	-0.393097
1.85709	-1.72717
2.10239	-2.33317
1.64865	-1.28368
2.52714	-2.8974
2.33942	-2.54182
1.95968	-2.13385
2.06082	-2.39818
1.91702	-2.27159
2.71929	-3.47443
2.53594	-3.16302
1.97378	-2.34159
2.57656	-3.26702
2.55098	-3.32886
2.6876	-3.55924
2.84439	-3.75459
2.95037	-3.89686
2.95907	-3.94144
2.94041	-3.88985
2.62133	-3.41346
2.78376	-3.6488
2.5633	-3.30718
1.50695	-1.20255
1.77638	-1.32739
1.66427	-1.3754
1.60625	-1.50576
1.56745	-1.53848
1.91635	-2.08667
1.96645	-2.33246
1.40448	-1.55804
1.5148	-1.74084
1.25311	-1.32592
0.970278	-0.995914
0.499549	-0.489575
0.675294	-0.901218
0.995076	-1.42409
0.707696	-1.15456
0.292119	-0.781236
0.234939	-0.747752
0.224328	-0.82225
0.270058	-0.893453
0.306884	-0.937492
0.480098	-1.10521
0.984141	-1.50667
1.08389	-1.39474
0.905525	-1.00671
1.22038	-1.3904
1.60365	-1.97019
1.63836	-2.19568
1.89507	-2.64483
2.1236	-2.93993
2.19859	-3.0434
2.38313	-3.27791
1.80482	-2.04792
1.77417	-1.49137
1.76213	-1.45378
1.42095	-0.966555
1.19731	-0.733756
1.07907	-0.642621
0.893181	-0.509992
0.745129	-0.634945
0.270441	-0.379193
-0.0603925	-0.371066
-0.396077	-0.301946
-0.445967	-0.495004
-0.191395	-0.515126
-0.0321614	-0.676172
-0.0838523	-0.500163
0.111142	-0.460259
0.318473	-0.409528
0.264781	-0.277664
0.426922	-0.512821
0.871181	-0.933506
1.26347	-1.39781
1.51538	-1.63833
1.88159	-1.92106
1.72794	-1.84525
1.91828	-1.75937
1.92472	-1.79569
1.41682	-1.04765
0.188029	-0.24433
0.18762	-0.240044
0.199321	-0.264903
0.248378	-0.258938
0.16421	0.0621302
0.00960238	0.137899
0.0776586	-0.100302
0.533312	-0.570433
0.552035	-0.274242
0.849874	-0.598296
0.825538	-0.683283
2.40477	-2.68043
2.77694	-3.01865
2.19687	-2.26858
0.473994	-0.698635
0.820806	-0.884273
1.6549	-1.38768
2.28722	-2.40746
2.12935	-2.31112
2.02892	-1.86518
1.41245	-1.12061
0.826544	-0.858144
0.922486	-0.96165
0.57584	-0.262847
0.279064	0.106741
0.0401666	0.0656141
0.0327287	0.267938
0.273913	0.285341
0.693813	0.473712
0.968582	0.48954
0.902831	0.399863
0.790353	0.112491
0.879765	0.105846
0.606668	-0.254017
0.608865	-0.337261
0.829127	-0.364461
0.960481	-0.39863
0.852001	-0.0526487
0.987825	-0.233648
0.833605	-0.285013
0.851528	-0.394376
0.677034	-0.32175
0.416575	-0.332781
1.0131	-0.697575
1.44107	-1.5828
1.55267	-1.7574
1.32147	-1.57771
1.09081	-0.804311
0.417542	-0.293302
0.624755	-0.460541
1.1527	-0.957035
0.927198	-0.698913
1.11788	-0.937121
1.27249	-1.11902
1.44215	-1.28828
1.4046	-1.26694
0.891472	-0.624541
0.878564	-0.557851
1.33784	-0.729744
1.39915	-0.52845
1.90952	-1.12869
2.07262	-1.25389
2.02734	-0.97922
2.06549	-1.13083
2.14936	-1.08144
1.92044	-0.646883
1.45166	-0.596415
1.55752	-0.930056
1.26083	-0.754652
1.36818	-0.959538
1.46506	-0.999352
1.63731	-1.30938
1.06778	-0.592837
0.709985	-0.455018
0.5631	-0.321359
0.861131	-0.752745
1.00341	-0.982307
1.41108	-1.5232
1.11297	-1.17976
1.2425	-1.4751
1.42096	-1.52584
1.65187	-1.53002
1.66539	-1.39268
1.83555	-1.47347
2.07042	-1.35838
1.36958	-0.743769
1.97572	-1.27016
2.94127	-2.42364
1.85791	-1.00131
1.47405	-0.893427
1.69437	-1.20487
2.57176	-1.95672
2.03906	-1.24795
1.87801	-0.827703
1.88625	-1.31757
1.49029	-0.818683
1.55082	-1.01695
1.14429	-0.619376
1.30236	-0.824331
1.23133	-0.899171
1.1802	-0.555348
1.12114	-0.406493
0.990232	-0.218392
0.956914	-0.0302903
1.08014	-0.0820432
0.957949	-0.308475
1.14231	-0.563739
0.90205	-0.0621531
0.925981	-0.166607
0.965265	-0.21378
0.957528	0.0357685
0.628208	-0.283702
0.560567	0.193997
0.729541	0.0646362
1.0357	-0.208296
1.15773	-0.236841
1.02052	-0.446281
0.714384	-0.179992
0.884559	-0.537917
1.02197	-0.533296
1.02474	-0.293922
0.824935	0.0276891
0.848735	-0.195287
0.79725	-0.472142
0.429519	-0.553063
1.27725	-1.0003
1.02517	-0.531641
0.630156	-0.0345578
0.191413	0.250198
0.735801	0.169352
1.14221	-0.247468
1.17448	-0.575341
1.21942	-0.645019
1.2747	-0.827393
1.51563	-1.15102
1.2771	-0.921389
1.28091	-1.03959
1.418	-1.3511
1.35565	-1.47037
1.16974	-1.37232
1.10091	-1.41018
1.24127	-1.75369
1.35857	-1.99652
1.30675	-2.0393
1.22459	-1.91524
0.899575	-1.56209
0.507903	-1.15997
0.518921	-1.07872
0.531024	-0.952497
0.634245	-0.836617
0.733958	-0.626308
0.784028	-0.468802
0.812367	-0.402809
0.80128	-0.353576
0.726762	-0.255506
0.788067	-0.326574
0.812292	-0.54686
1.34592	-1.28198
2.57683	-2.65512
2.84861	-2.53881
1.29471	-0.564619
1.54573	-1.31289
2.07787	-1.71731
2.75354	-2.47962
1.56302	-0.992982
1.94481	-1.37534
2.3389	-2.09626
1.83983	-1.47361
1.50491	-1.05632
1.35822	-0.907025
1.17204	-0.696638
1.28356	-0.861641
1.07307	-0.522594
1.07671	-0.485146
1.16658	-0.542571
1.21132	-0.549789
1.3167	-0.614046
1.59018	-0.970077
1.91537	-1.50402
1.61923	-1.15354
1.53225	-1.23923
1.54957	-1.38894
1.52033	-1.51626
2.12507	-2.47799
2.2636	-2.83027
2.06608	-2.43603
2.10974	-2.54991
2.38188	-2.98565
2.07827	-2.43409
2.3142	-2.7795
1.70288	-1.25527
1.21328	-0.575047
1.28343	-0.809752
1.61121	-1.36168
2.10491	-2.18641
1.99058	-2.38666
2.5102	-3.29694
2.45537	-3.14027
2.37259	-3.00528
1.91889	-2.16443
1.99659	-2.06153
2.02425	-2.06422
2.14896	-2.14278
1.13244	-1.03733
0.933963	-0.816855
0.999909	-0.691335
0.992387	-0.683786
0.959863	-0.345834
0.959567	-0.131826
0.547024	-0.187601
2.19955	-2.00275
1.73927	-1.26473
2.20736	-1.73168
3.30526	-3.5876
2.87553	-2.49542
1.62935	-1.0371
1.30754	-0.768016
1.39818	-0.890929
1.00753	-0.860166
1.12562	-0.613501
0.91391	-0.608833
1.15304	-0.542579
1.47118	-0.742442
0.747384	-0.195913
0.627292	-0.0906854
0.669906	-0.1613
0.965339	-0.430548
1.01319	-0.531973
1.08553	-0.60944
0.94437	-0.726031
0.89391	-0.583022
0.878361	-0.398823
0.900728	-0.47571
0.805258	-0.274244
1.1764	-0.862075
1.77036	-1.30578
1.22444	-0.467773
1.90751	-1.59853
0.749483	-0.330152
0.597018	-0.505893
-0.326307	-0.219149
-0.229658	-0.230101
0.171152	-0.0911614
0.479862	0.165281
0.848678	0.370472
0.694153	0.116964
0.947715	0.452207
0.876854	0.287541
0.708379	0.0323259
0.347835	-0.336308
0.702441	-0.792973
0.523082	-0.842285
0.822872	-0.938892
0.809147	-0.625464
0.713343	-0.699412
0.389526	-0.392983
-0.411109	-0.024517
-0.436664	0.00728006
0.135171	0.335606
0.259091	0.246035
0.434854	0.0868414
0.690737	-0.0963881
0.521518	0.0476208
0.436333	-0.0256454
0.46397	-0.120977
0.977086	-0.808567
0.852112	-0.562823
0.873204	-0.762657
2.20105	-1.74323
3.02937	-2.68053
3.53403	-3.60403
3.46921	-4.14155
2.34919	-2.82498
2.44673	-2.9869
2.35285	-2.63658
1.70746	-1.56893
0.949071	-1.10224
0.388847	-0.848794
0.184646	-0.919273
0.318388	-1.07288
1.26296	-1.51698
1.97711	-2.19744
2.63081	-3.28472
2.16158	-2.48863
1.80498	-2.04899
1.79322	-1.95026
1.58133	-1.50984
1.25091	-0.955936
1.20924	-1.09873
1.0176	-0.686703
0.877759	-0.634607
1.16612	-0.528738
1.25769	-0.736574
1.18087	-0.179814
1.09577	-0.422084
1.88111	-1.69539
2.45	-2.82001
2.16672	-2.12417
2.5009	-2.20783
2.71852	-2.28993
1.96631	-1.32669
1.24444	-1.05761
1.19436	-0.907328
0.444465	0.334784
0.243368	0.0754258
0.880459	-0.482637
1.07349	-0.811739
1.22632	-0.910504
1.13683	-0.752552
1.02015	-0.528745
1.51463	-1.14805
0.86849	-0.395988
1.85174	-1.36769
2.42011	-1.98826
2.72724	-2.53303
2.29388	-1.93677
2.4042	-2.16305
2.05043	-1.62365
2.11281	-1.69275
2.19521	-1.86955
2.47736	-2.37307
2.62876	-2.66064
2.25747	-2.72305
2.49557	-3.17381
2.04285	-2.27453
2.1098	-2.05265
1.72667	-1.23779
2.10349	-1.65988
1.68582	-1.00563
1.58655	-1.18224
1.11985	-1.01542
1.13944	-0.785358
1.03143	-0.845259
0.878469	-0.554986
0.879092	-0.801807
0.98264	-0.772761
0.865832	-0.203628
0.994558	-0.0884199
1.08849	-0.324268
0.961368	-0.23418
0.870753	0.0283036
0.929541	-0.0949949
0.885852	-0.0391869
0.958059	-0.17957
0.830547	-0.283049
0.941625	-0.370566
0.777265	-0.116982
0.342958	-0.182386
0.565811	-0.161558
0.950222	-0.950903
0.768609	-0.885199
0.757942	-0.823519
0.324426	-0.458526
-0.170281	-0.130187
-0.227596	0.0957074
-0.0257812	0.0761117
0.17999	0.188488
0.268243	0.546002
0.452505	0.548366
0.769254	0.260119
0.598406	0.159133
0.476699	0.0296145
0.627117	-0.214153
0.408924	-0.0611679
0.785944	0.103183
0.668082	0.0694012
0.663309	0.068357
0.835036	-0.356241
1.92365	-1.32631
1.94677	-1.30159
1.94245	-1.23198
1.93105	-1.234
1.88452	-1.16552
1.73505	-1.01344
-0.0050008	0.0274552
-0.310653	0.227838
0.179816	0.299249
0.369108	0.491966
0.116703	0.322035
0.407434	0.532309
0.180139	0.0674353
0.244728	-0.401776
0.803368	-0.678355
1.30052	-1.25445
0.805571	-0.635439
1.32583	-1.13836
2.09769	-2.35668
2.1162	-2.33728
2.17908	-2.29655
2.01757	-1.99409
1.76574	-1.52811
1.81659	-1.35289
1.83614	-1.38409
2.00046	-1.57226
2.33747	-1.82826
2.13216	-1.40627
1.727	-0.813046
1.79026	-0.880324
1.59716	-0.605585
1.48291	-0.462243
1.68852	-0.780403
1.11861	-0.659904
0.656095	-0.142266
1.17455	-0.567107
0.968315	-0.0578049
1.59736	-0.995739
2.46871	-2.47001
2.66706	-2.69427
2.48923	-2.4784
2.07741	-1.84689
1.83058	-1.37914
1.79126	-1.32205
2.15277	-1.6875
1.53219	-0.980741
1.27994	-0.895015
0.61702	-0.563253
0.783412	-0.129341
0.970694	0.0997151
1.05809	0.185697
1.06251	0.204241
1.1098	0.200819
1.10771	0.221952
0.887479	-0.440592
1.13229	-0.50005
0.992235	-1.31709
0.793957	-1.24748
0.850886	-1.14481
0.958979	-1.15736
0.902227	-1.05579
1.06035	-1.03746
1.24015	-0.991025
1.34299	-0.897926
1.32391	-0.618595
1.70368	-1.08185
1.58751	-1.05243
1.86462	-1.2045
1.70852	-1.32395
1.41898	-0.959656
1.47253	-0.998551
1.69962	-1.49556
2.00807	-2.17215
2.02408	-2.2912
1.19641	-0.618261
0.840278	-0.878528
0.635357	-0.722512
0.717699	-0.944332
2.16053	-1.89978
2.04615	-1.76314
2.13511	-1.8274
1.94116	-1.7115
2.4302	-2.39559
2.14445	-2.09091
1.93963	-1.85709
1.65337	-1.5697
1.42694	-1.48326
0.931209	-1.09875
0.413907	-0.853026
0.180017	-0.835821
0.0913477	-0.955214
0.218236	-1.1123
0.445999	-1.27847
0.779544	-1.49907
0.930398	-1.44899
0.793991	-1.28438
0.895202	-1.2682
1.04812	-1.42536
1.00065	-1.20048
0.94022	-1.06515
1.01511	-1.21611
0.772246	-0.864947
0.149711	-0.395535
0.198037	-0.155228
0.373376	0.379849
0.567028	0.438922
0.471568	0.340742
0.546133	0.73903
0.802059	0.89748
0.694899	0.679503
0.697642	0.704035
0.374552	0.135847
0.215071	0.159885
0.321707	0.0308732
0.791982	-0.302452
1.83707	-1.5065
2.08812	-1.5125
2.04197	-1.51608
1.88903	-1.43913
1.85078	-1.37811
2.25355	-1.88024
2.48065	-2.10255
3.00047	-3.03298
3.07698	-3.14061
3.21489	-3.21443
3.56604	-3.41573
2.78082	-2.32717
2.57408	-2.07037
2.11015	-1.52251
1.99865	-1.37945
1.12854	-0.653203
0.6692	-0.294988
0.803572	-0.461472
0.951558	-0.777171
1.31031	-1.03834
1.09669	-0.663901
1.00983	-0.610131
1.07531	-0.562782
0.880832	-0.181634
1.02421	-0.401931
1.07223	-0.24181
1.04702	-0.288645
1.09804	-0.0610908
0.735954	-0.278365
1.03467	-0.383886
0.992552	-0.319799
0.989045	0.120924
1.16432	-0.305057
1.08409	-0.254608
0.843086	-0.166206
0.95371	-0.297388
1.31885	-0.835667
1.12488	-0.838947
1.39469	-1.01475
1.12523	-1.01802
1.13075	-1.03248
1.56063	-1.47984
1.42888	-1.12395
0.772559	-0.708295
0.725879	-0.877088
0.979784	-1.27604
0.665272	-1.22978
0.776713	-1.10843
0.787849	-1.13811
0.398452	-0.889122
0.0834008	-0.57181
0.0251504	-0.525533
0.230812	-0.33822
0.228407	-0.25181
0.319227	0.00834825
0.405232	0.356431
0.647372	0.458769
0.404961	0.358596
0.544785	0.381447
0.485298	0.357833
0.642349	0.441968
0.393139	0.129177
0.464096	-0.408806
1.36929	-1.51228
1.92421	-2.04446
1.89733	-1.98564
2.34274	-2.7705
2.20026	-2.58505
1.98078	-2.25064
2.11061	-2.51767
1.91302	-2.23155
2.00773	-2.39809
2.45625	-2.9171
2.56167	-3.00632
2.50021	-2.68449
2.6591	-3.06516
2.58834	-3.02088
2.23326	-2.45162
2.53413	-2.95285
2.34177	-2.72217
2.421	-2.93901
2.23294	-2.68158
0.569759	-0.689771
-0.19189	-0.592626
0.0561729	-0.597117
0.320782	-0.398162
0.184582	-0.553899
0.226331	-0.852659
0.320089	-0.351369
0.195022	-0.190652
0.0432033	-0.535826
-0.130858	-0.288526
-0.0525619	0.0386329
0.910305	-0.673851
1.56663	-1.36007
1.83319	-1.60503
2.07201	-1.86131
2.26763	-2.02655
2.60397	-2.35327
2.48369	-1.94428
2.36557	-1.63748
1.76476	-0.944029
0.682822	-0.539672
0.517617	0.0697189
0.808969	0.26456
1.04173	0.390124
1.07478	0.0956526
0.890306	0.195352
0.865082	0.583349
0.766911	0.207445
0.91737	-0.948709
0.587459	-0.717987
0.346764	-0.562839
0.304593	-0.550344
0.371768	-0.626193
0.316076	-0.848077
0.654912	-0.496638
0.811337	-0.512742
0.820755	-0.671217
0.765915	-0.473487
0.817256	-0.294326
0.91298	-0.332594
0.920834	-0.514536
1.61098	-1.0958
1.88525	-1.14335
2.39932	-1.81107
2.50056	-1.92876
2.16266	-1.56009
3.32823	-4.15802
3.10947	-4.08716
2.55381	-3.268
2.73871	-3.50617
2.94599	-3.88992
2.51212	-3.23772
2.40807	-3.07919
2.40664	-3.08465
1.99494	-2.24003
2.06399	-2.24126
2.21176	-2.32595
1.55151	-1.37509
1.87064	-1.76909
1.50097	-1.19225
1.88466	-1.8047
2.10289	-2.11654
1.82774	-2.01238
1.84089	-2.06499
1.40238	-1.57158
1.15148	-1.07356
1.31518	-1.16277
1.29254	-1.04323
1.2075	-1.09167
1.28365	-0.997875
0.815247	-0.710809
1.08866	-0.870589
0.846095	-0.637449
1.47189	0.742409
1.35168	0.252501
0.415865	0.18996
0.0930977	0.112289
0.157159	-0.282328
0.1934	-0.690878
0.549181	-0.83864
0.899537	-1.08228
1.92855	-2.22067
1.67523	-1.89413
1.47926	-1.63093
0.898777	-0.81233
0.55005	-0.633748
0.858695	-0.816041
0.843731	-0.652603
0.880743	-0.591048
0.95194	-0.740595
0.992922	-0.752909
1.05527	-0.486792
1.00811	-0.637737
0.851327	-0.388209
0.927255	-0.284027
0.88625	-0.48532
0.77792	-0.355217
1.64102	-1.25571
1.67163	-1.0046
2.22299	-1.86016
2.47263	-2.34431
2.88848	-2.87187
2.58731	-2.15274
1.52959	-1.00179
0.400408	0.00209163
0.139579	-0.102578
0.229394	0.0910398
0.400895	0.390347
0.364263	0.385875
0.391454	0.0971584
0.561865	-0.0543003
0.664483	-0.126826
0.492761	0.161992
0.294092	0.234781
0.415514	0.574194
0.272264	0.137256
0.340469	0.146416
0.371216	0.110774
0.177377	-0.102793
1.85374	-2.00707
1.98048	-2.03267
1.21075	-0.827054
1.33352	-1.27977
2.42646	-2.28596
3.25096	-3.79238
2.89397	-2.79414
2.32415	-2.01701
1.69195	-1.15075
1.6556	-0.828373
1.64952	-0.785931
1.95969	-1.35844
2.08051	-1.61414
2.00548	-1.56765
1.99669	-1.53244
2.15273	-1.64933
1.98749	-1.36153
1.73195	-1.00237
1.97331	-1.28036
2.23309	-1.63658
2.25758	-1.82297
2.46404	-1.86933
2.57762	-2.32686
2.65064	-2.32662
2.53308	-2.00147
2.67508	-2.1905
2.65907	-2.33209
2.63368	-2.52285
2.45677	-2.33604
1.90107	-1.50295
1.34862	-0.914006
1.0935	-0.458534
0.749503	-0.104919
0.725611	-0.177178
0.841392	-0.317438
1.08947	-0.739488
1.11964	-0.438815
0.650551	-0.0337668
0.637459	0.0304427
0.776886	-0.0431835
0.635931	0.444675
0.475111	0.441483
0.389874	0.498222
0.391566	0.280706
0.391795	0.61057
0.169648	0.516877
0.367312	0.504204
0.354116	0.625962
0.371638	0.705536
0.0967867	0.367666
0.0479962	0.102311
-0.0942025	0.181817
0.130011	0.591664
0.291847	0.562204
0.233952	0.351491
0.555365	0.23146
0.775209	0.180729
0.823571	0.2004
0.812646	-0.0173747
0.978977	-0.344877
0.7205	-0.0730409
0.663938	-0.0374677
0.897061	-0.246318
1.05295	-0.318381
0.821803	0.00906368
0.953574	-0.272739
0.969828	-0.183731
0.544205	-0.280873
0.898452	-0.167938
0.831168	-0.00780609
1.01512	-0.470419
0.996298	-0.242743
0.984723	-0.12225
0.85901	-0.202284
0.86485	-0.182573
1.0494	-0.351158
1.13701	-0.318667
0.980969	-0.296606
0.877961	-0.772533
1.21079	-0.754231
1.30439	-1.27034
1.34009	-1.26234
0.111496	-0.180957
0.321373	-0.137094
1.2588	-0.779003
1.01608	-0.473118
0.822722	-0.131549
0.529106	0.277819
0.582371	0.168131
0.327911	0.327766
0.385625	0.117948
0.436344	-0.320221
0.249733	-0.00993633
0.20889	-0.0973984
0.161185	-0.0561718
0.2187	-0.0132586
0.180992	0.233346
0.0765413	0.180632
0.0983535	0.188117
0.203951	0.336987
0.105774	0.19889
0.453579	0.0161633
1.13066	-0.490974
1.56374	-0.879386
1.39414	-0.471873
1.65999	-0.725871
1.88684	-0.99733
2.33551	-1.76832
2.77111	-2.42009
2.28308	-1.60179
3.02549	-2.70869
2.35017	-1.73456
2.44763	-2.3592
2.11127	-2.24761
1.76494	-1.70226
2.13209	-2.15679
1.93788	-1.93954
1.62039	-1.34565
0.508736	-0.0159257
-0.484052	-0.0305594
-0.501398	-0.363503
-0.250637	-0.371182
-0.423044	-0.0815576
-0.153025	0.330974
0.289235	0.0866751
0.637976	-0.107015
0.526394	0.105565
0.990558	-0.475164
1.03855	-0.439901
1.01362	-0.574005
1.2963	-0.953173
0.958364	-0.678812
0.424704	-0.290436
0.182801	-0.134497
-0.000546558	0.0740789
0.191463	0.482813
0.094249	0.451907
0.16653	0.316415
0.8493	1.0327
0.430628	0.544644
0.410938	-0.0216725
0.276958	-0.360621
0.390315	-0.158109
0.695823	-0.0801169
0.689827	-0.324608
0.656589	-0.0774331
0.509483	0.0224703
0.844188	-0.785692
0.923598	-0.83722
1.87431	-1.97243
1.45383	-1.73281
1.14099	-1.34069
1.31464	-1.45966
1.75675	-1.8781
1.32196	-1.15721
0.870855	-0.628561
0.659593	-0.436023
0.589441	-0.517457
0.480002	-0.388873
0.490384	-0.446582
0.689936	-0.769863
0.220644	-0.325862
0.163669	-0.189779
-0.010762	-0.00702645
-0.0897985	-0.0136598
-0.247234	-0.15667
0.38428	-0.638917
0.907487	-1.19605
0.751043	-1.00052
1.15184	-1.11761
1.33151	-1.12616
2.12978	-1.67779
1.98056	-1.34061
1.91547	-1.23784
2.08278	-1.21898
2.27727	-1.27446
2.80133	-2.08835
3.25761	-2.68966
2.62456	-1.96796
3.46239	-2.91575
2.67999	-1.64947
1.8977	-0.953844
1.92257	-1.22868
1.61821	-0.7908
1.4476	-0.635065
1.48151	-0.835972
1.38584	-0.787735
1.92613	-1.43297
2.12155	-1.38331
2.07684	-1.26381
2.5343	-2.04548
2.44711	-1.88061
2.99108	-2.81899
2.50187	-2.21375
2.10762	-1.95758
2.86634	-3.36967
2.43135	-2.52255
2.10266	-1.90221
2.21364	-1.72648
1.43259	-1.03124
1.17476	-0.655175
1.74383	-1.55517
1.94567	-2.02628
2.08361	-2.38064
2.2501	-2.45211
2.4736	-2.67049
2.61222	-2.73108
1.70545	-1.4205
2.34325	-2.2039
1.99668	-1.57009
2.42573	-1.71558
2.8403	-2.30018
2.67266	-2.49897
2.21696	-1.82118
1.92067	-1.34689
1.72764	-1.06153
1.76672	-1.16299
1.2733	-0.595709
0.703998	-0.344154
0.815057	-0.236005
1.13924	-0.705341
1.17967	-0.516318
1.27809	-0.645659
1.09436	-0.476187
1.30438	-0.591999
0.934208	-0.1591
1.02917	-0.384466
1.18885	-0.187847
0.771715	-0.110042
1.17434	-0.379412
1.43506	-0.674407
1.18431	-0.157822
0.912652	-0.223122
1.19951	-0.438686
0.833831	-0.122263
1.29874	-0.755996
1.0744	-0.320365
0.921535	-0.0308942
1.10766	-0.00929543
1.09986	-0.290711
1.08696	-0.272242
1.09741	-0.194078
0.916984	-0.165785
1.07455	-0.182844
0.812294	-0.314558
1.11076	-0.125657
0.86766	-0.21086
0.408894	0.145795
0.749379	-0.167621
1.56928	-0.937315
1.29415	-0.534875
0.916974	-0.164382
1.42426	-0.532433
1.57507	-0.843709
1.59301	-0.974925
1.38914	-0.794683
1.745	-1.29917
1.43393	-0.866631
1.31651	-0.90718
2.14954	-2.78062
1.96747	-2.57275
2.14628	-2.87699
2.2323	-3.01503
2.00982	-2.66473
2.08334	-2.757
1.98839	-2.50023
1.8763	-2.32208
1.14954	-1.12097
1.40944	-1.07455
1.18457	-0.785855
0.950846	-0.783805
0.717861	-0.704479
1.34649	-1.38852
1.77668	-1.87348
1.59124	-1.5035
1.49743	-1.20432
1.6558	-1.22405
1.69762	-1.16747
1.89277	-1.3885
1.6038	-0.985954
1.55107	-0.906805
1.27556	-0.550658
1.30371	-0.585483
1.38427	-0.680598
2.06649	-1.69276
1.41621	-0.940363
1.51113	-0.894827
1.39353	-1.07145
1.10642	-0.695153
1.09483	-0.557171
1.17616	-0.458327
1.13357	-0.58318
1.00123	-0.399376
0.983127	-0.30636
0.714753	-0.209506
1.68245	-1.59832
2.27969	-2.23397
2.5318	-3.19342
1.29579	-1.33029
2.16802	-2.39151
1.68804	-1.59958
1.82119	-1.42957
2.22477	-1.92579
2.19327	-1.67128
2.36001	-2.16729
2.14611	-1.89338
3.48799	-3.63572
2.82812	-2.48544
2.65598	-1.97108
2.43557	-1.85644
2.32582	-1.95444
1.81868	-1.33664
2.27127	-1.86703
1.48903	-1.09673
1.18462	-0.683819
1.18447	-0.504593
1.10332	-0.565258
0.936099	-0.3895
0.998275	-0.51086
0.859031	-0.471931
0.609856	-0.323027
0.364508	-0.199117
0.564088	-0.138752
0.610964	-0.367986
0.398053	-0.73858
0.2087	-0.898771
0.116602	-0.794518
0.217972	-0.428795
0.400905	-0.611707
0.683841	-0.848053
1.16499	-1.3057
0.831478	-0.808204
0.613644	-0.438654
0.623418	-0.403038
0.621669	-0.342142
1.0254	-0.688345
1.5626	-1.29172
2.23625	-1.99964
2.00327	-1.5168
2.12491	-1.6456
1.75955	-1.37573
1.98621	-1.80698
1.66431	-1.47894
1.51327	-1.3252
0.54388	-0.53502
0.360151	-0.208078
0.481579	0.0234521
0.549759	0.374312
0.546589	0.37364
0.396476	0.587239
0.541853	0.509911
0.567653	0.56713
0.305066	0.246237
0.496677	0.13926
0.8735	-0.265169
1.22651	-0.95334
1.67912	-1.47491
1.31383	-0.889418
1.09792	-0.632048
1.30378	-0.732971
1.53991	-1.15077
1.72138	-1.36145
1.66911	-1.52757
0.276132	-0.461118
-0.209659	0.017066
0.10732	-0.0107986
0.941995	-0.158526
1.2414	-0.632775
1.22482	-0.959295
1.16601	-0.744095
1.02124	-0.649291
0.781448	-0.139055
1.03184	-0.560086
1.00354	-0.477071
1.02386	-0.402748
1.1461	-0.483278
1.19929	-0.578553
1.25043	-0.637312
1.38355	-1.04199
1.52337	-1.1805
1.40902	-0.842026
1.60489	-0.963297
2.1188	-1.47851
2.52063	-1.99819
2.30132	-1.6881
2.39421	-1.73903
2.02763	-1.10354
2.46299	-1.83363
2.6412	-2.25805
2.93859	-2.78343
2.16713	-1.76543
0.932537	-0.657086
0.120337	-0.175993
-0.256009	-0.162528
0.160687	-0.266812
0.849349	-0.856572
0.907395	-1.10304
0.538339	-0.943152
0.445184	-0.958747
0.349424	-1.09973
0.166094	-0.854114
-0.250543	-0.823776
-0.123396	-0.728377
0.29073	-1.0201
0.426831	-1.05794
0.214842	-0.70637
0.896379	-0.77694
0.61819	-0.276112
0.720329	-0.21695
0.740404	-0.149299
1.11334	-0.610136
1.07817	-0.521116
1.15965	-0.38441
0.801849	-0.215105
0.944365	-0.011384
0.857834	-0.0908745
0.963458	-0.0836832
1.08803	-0.254419
1.02265	-0.268102
0.987989	-0.468353
0.780974	-0.22875
0.597857	-0.127183
0.337079	-0.051858
0.641086	-0.223595
0.782946	-0.215912
1.06803	-0.755978
0.891061	-0.335548
0.781862	0.0990434
0.956309	-0.320563
1.03625	-0.344756
1.24428	-0.490086
0.951301	-0.178201
0.923826	-0.112951
0.959433	-0.0489009
1.02267	0.0524807
1.04139	-0.059256
0.85476	-0.0762865
0.826133	-0.474409
0.85918	-0.125225
0.97038	-0.0786276
0.848745	-0.120694
0.926949	-0.1096
1.02876	-0.29148
0.88778	-0.139977
1.01381	-0.230606
0.82235	-0.62147
0.898902	-0.725858
1.35679	-1.1102
1.92107	-1.80896
1.5736	-1.01304
2.07745	-1.97918
2.39136	-2.33293
2.28415	-2.07866
1.79862	-1.49033
1.6341	-1.35613
1.9108	-1.83126
1.9813	-2.01796
1.4693	-1.205
1.36247	-1.1995
1.13186	-0.774686
1.54532	-1.32225
1.38778	-0.887736
1.15234	-0.238271
1.07797	-0.289261
1.17273	-1.55512
1.00864	-1.25504
0.594903	-0.829978
0.633294	-0.836683
0.76551	-0.903722
0.785265	-0.691419
0.936365	-0.573871
0.841782	-0.218706
0.975221	-0.587772
0.967506	-0.854312
0.687584	-0.776315
0.63676	-0.442135
0.828059	-0.522311
1.0383	-0.668968
1.05298	-0.887228
1.60302	-1.44014
1.16593	-0.917328
1.22033	-0.96814
1.18402	-0.938489
0.987007	-0.700791
0.947979	-0.668997
1.09051	-1.0274
0.229977	-0.328298
-0.22304	-0.0479156
-0.324969	-0.0963196
-0.118192	-0.134459
0.0280914	-0.0302974
0.910514	-0.575847
0.260841	-0.0597468
0.361821	-0.543055
0.566704	-0.63145
1.01562	-0.92242
0.830472	-0.348624
0.822282	-0.127222
0.973919	-0.448599
0.201673	-0.517239
0.637168	-0.400387
0.957174	-0.62543
1.46569	-1.30657
1.91577	-2.0655
1.77137	-1.87631
1.54788	-1.49807
1.64583	-1.45696
2.02515	-1.82827
2.0351	-1.88689
1.70946	-1.50501
0.53136	-0.5037
0.475972	-0.532535
0.254164	-0.444812
0.143129	-0.0170655
0.0904952	0.166724
0.119292	0.351806
0.426234	0.364499
0.568407	0.612368
0.404057	0.269075
0.330772	0.0679586
0.683857	0.0567044
0.347344	-0.309433
0.673137	-1.15871
0.695143	-1.29151
0.366899	-0.895789
0.415772	-1.02034
0.514416	-1.18964
0.53858	-1.20357
0.505545	-1.26292
0.619013	-1.27647
0.899944	-1.5459
0.788571	-1.39376
0.919839	-1.43925
1.04369	-1.44625
1.09541	-1.31713
1.11945	-1.24826
0.959599	-0.968942
1.02442	-0.958026
1.07004	-0.938311
1.14349	-0.951915
1.19527	-0.96669
1.23703	-0.947428
1.36394	-1.02735
1.82722	-2.07517
2.81854	-3.77249
2.54211	-3.24279
1.96217	-2.28753
2.51022	-3.07894
2.30639	-2.73843
2.24705	-2.59732
2.57549	-3.21417
2.9653	-3.72479
2.56519	-2.89589
2.80293	-3.25194
2.9656	-3.63968
1.76753	-1.82063
1.61274	-1.45214
1.89641	-1.81239
1.5567	-1.23526
1.64922	-1.30373
1.54001	-1.06441
1.216	-0.795928
0.511422	-0.200287
0.137874	-0.0819975
-0.227518	0.0907099
-0.205169	0.0389516
-0.169016	0.10187
0.0781858	-0.079282
-0.0800641	-0.00343486
0.687286	-0.622586
1.00712	-0.856167
1.20103	-1.21912
1.08744	-1.17749
1.27815	-1.38453
1.27611	-1.28564
1.09075	-0.759081
-0.114971	-0.261131
-0.0962514	-0.468365
0.607453	-0.566012
1.28506	-0.985442
1.46484	-1.16761
1.28506	-0.941116
1.36544	-0.945266
1.15132	-0.492119
1.37917	-0.613041
1.42467	-0.903766
1.46948	-0.984894
1.47331	-0.899553
1.59399	-0.988523
1.61637	-1.01418
1.47078	-0.921463
1.58673	-0.961539
1.64346	-1.08149
1.6114	-1.03619
1.56435	-1.07392
1.4739	-1.08442
1.57885	-1.28505
1.75653	-1.47609
1.96456	-1.6936
1.94123	-1.71098
2.4304	-2.2522
2.21001	-1.73203
2.00737	-1.49462
1.84025	-1.62571
0.268123	-0.200197
0.138664	-0.267572
-0.0428737	-0.0791516
-0.171254	0.257849
0.409091	0.331997
0.462116	0.203232
0.485202	0.508521
0.501177	0.225259
0.469648	0.313735
0.701891	-0.415201
0.995262	-0.45005
1.94272	-1.25508
1.80712	-1.21692
1.95206	-1.35471
1.5104	-0.813555
1.58512	-1.00236
1.0649	-0.390915
1.12981	-0.551305
1.02759	-0.48703
0.777822	-0.264844
0.970742	-0.407142
0.758867	-0.432695
0.959772	-0.65718
1.129	-0.780697
0.759744	-0.395223
1.00942	-0.353879
0.950468	-0.427689
0.681618	-0.0146054
0.529568	0.110711
0.267415	-0.537077
0.276137	-0.539341
0.411344	-0.65986
1.02996	-1.13246
1.72569	-1.62861
2.03056	-2.2231
2.25049	-2.37821
2.4341	-2.66507
1.90231	-1.88152
2.04663	-1.91747
1.58948	-1.20332
1.42737	-1.36602
0.589585	-0.767193
0.121499	-0.19037
-0.00775675	0.119069
0.215815	0.337619
0.441007	0.155624
0.395957	0.0912882
0.511582	0.297278
0.639129	0.435674
0.548351	0.206299
0.571405	0.231189
0.576167	-0.110408
0.755203	-0.160637
0.65359	-0.577549
0.575419	-0.604222
1.33748	-1.06395
0.467936	-0.335925
0.393692	-0.387765
0.27595	-0.562409
-0.340452	-0.360236
1.08888	-1.13094
1.10732	-1.13956
1.25418	-1.30621
0.825845	-0.770981
0.789392	-0.714567
0.0273385	-0.108071
-0.20719	0.0492339
0.00107325	0.0634524
0.109893	0.40647
0.256079	0.301739
0.15537	0.271599
0.242917	0.407382
0.227028	0.27329
0.438836	0.165378
1.20548	-0.639953
1.21928	-0.566768
1.17191	-0.638346
1.55789	-1.15769
2.26686	-2.11072
2.12699	-1.61187
2.59644	-2.46093
2.65388	-2.4447
2.93925	-2.61639
2.83663	-2.36567
1.87362	-1.54497
1.00882	-0.725404
2.75296	-2.60169
3.4372	-3.87715
2.04145	-1.81567
1.77405	-1.52136
2.22748	-2.54501
2.32001	-2.82274
1.80338	-1.88222
1.72863	-1.81142
1.55233	-1.33902
1.52926	-1.26821
1.01257	-0.630661
1.19184	-0.867164
0.719911	-0.422496
1.24181	-0.947866
1.12253	-0.98876
0.561939	-0.517128
0.758201	-0.395105
0.0835565	0.0905963
-0.0184761	0.209404
0.476427	0.544012
0.564051	0.569506
0.314349	-0.0327601
0.401456	0.350617
0.458391	0.253929
0.369059	0.224726
0.290688	-0.0200406
0.626139	0.264172
0.46933	0.217816
0.537888	0.192441
0.526084	0.293017
0.90801	-0.585174
0.950267	-0.0815126
0.95974	-0.220288
0.856175	-0.00738692
1.02036	-0.206308
0.949445	-0.266372
0.861183	-0.164477
0.770724	-0.0391016
0.879989	-0.0294135
0.949256	-0.127471
0.948422	-0.0823337
0.984387	-0.0911491
0.819203	-0.370729
0.940567	-0.190831
1.09209	-0.487703
0.820521	-0.155275
1.15136	-0.455742
0.967362	-0.411457
0.985211	-0.371305
1.08963	-0.345851
0.866746	-0.181731
0.875806	-0.123451
0.748226	-0.253651
0.53889	-0.2733
0.862293	-0.746519
0.827228	-0.827914
-0.29759	-0.498999
-0.410672	-0.642769
-0.319717	-0.829695
-0.269423	-0.873162
-0.198688	-0.911315
-0.0888517	-0.922361
-0.00274479	-0.868392
0.227985	-0.886658
0.537093	-0.884317
1.31489	-1.51368
1.7476	-1.81908
2.18272	-2.25122
2.01736	-1.52261
2.35596	-1.7555
2.18586	-1.65166
2.06916	-2.27479
2.07709	-2.17632
1.81853	-1.76538
2.05865	-2.11807
1.30845	-0.941649
0.789688	-0.0831911
2.99748	-2.5764
1.7949	-0.843935
1.36191	-0.313579
0.974925	0.0735583
0.855967	0.163129
0.830183	0.204089
0.921352	0.176645
1.11265	0.00266157
1.24825	-0.683669
1.30969	-0.900393
1.45556	-0.924739
1.21691	-0.868656
0.871899	-0.381252
0.534583	0.258187
0.752589	0.09781
0.77719	-0.351725
0.632536	-0.354336
1.15076	-0.605448
0.460622	0.0766569
0.0244896	0.378218
0.0405227	0.344937
0.117943	0.200479
0.0943585	0.271074
0.861839	-0.572094
1.24564	-0.760548
1.12821	-0.988143
1.18409	-1.12966
0.285877	-0.128308
0.378808	-0.0493361
0.801693	-0.203396
1.1535	-0.816095
0.862298	-0.501518
1.4907	-0.892257
2.00286	-1.4689
1.39558	-0.867869
1.32932	-0.797426
1.23207	-0.674018
1.30696	-0.833981
1.82395	-1.89229
1.64885	-1.72773
2.08501	-2.36082
2.50645	-2.92796
2.49289	-2.85145
3.06162	-3.69906
2.49431	-2.84398
2.71473	-3.10799
2.78183	-3.32843
2.64334	-3.25724
2.44935	-3.07069
2.72106	-3.49886
2.95789	-3.86932
2.25783	-2.76433
2.60455	-3.35892
2.31871	-2.9611
2.147	-2.73173
1.91539	-2.33776
1.59896	-1.88621
1.54831	-1.56102
1.12442	-0.724144
0.777955	-0.00327593
0.80023	-0.0417736
0.583293	0.102062
0.492632	0.128307
0.4987	0.135476
0.464414	0.122466
0.546848	0.0328185
0.609432	-0.0299559
0.715935	-0.204336
0.995538	-0.602258
1.43547	-1.13585
1.32448	-0.827613
1.18149	-0.829378
1.43085	-0.94078
1.03604	-0.620925
0.73745	-0.333135
0.975658	-0.695017
1.61527	-1.49973
2.09378	-2.22158
2.34249	-2.58218
2.88495	-3.51857
2.18535	-2.64992
1.7899	-2.2206
1.61688	-2.00464
1.50035	-1.74724
0.9865	-0.851949
0.825057	-0.399367
1.05907	-0.421636
1.34464	-0.741755
1.22965	-0.560693
2.387	-1.98897
1.81337	-1.09447
1.40796	-0.752878
1.44599	-0.652406
1.18963	-0.370516
1.17416	-0.439051
1.34539	-0.51724
1.35446	-0.662642
1.34173	-0.588349
1.22227	-0.672781
1.1159	-0.607237
0.948724	-0.600737
1.58909	-1.11953
1.42433	-1.121
1.84682	-1.56887
1.93981	-1.62338
2.10295	-1.79502
2.04352	-1.73248
2.34648	-2.13345
3.08259	-3.25741
3.71833	-4.21616
3.48906	-3.66024
3.22611	-3.77023
2.29875	-2.66305
2.26401	-2.4799
2.70616	-3.22335
2.15423	-2.38709
1.55322	-1.19245
1.2854	-0.986396
1.19737	-1.21275
1.21278	-1.07928
0.264243	-0.324025
0.169306	0.0864626
0.496583	0.397909
0.718258	0.760082
0.500421	0.578561
0.342613	0.301716
0.541075	0.449688
0.53735	0.361868
0.529107	0.327797
0.652548	0.218376
0.423937	0.0695297
0.351414	-0.477428
0.232354	-0.441724
1.18295	-1.4888
0.756621	-1.03437
0.782787	-0.842956
0.937396	-0.932471
1.40634	-1.30004
1.13268	-0.832393
2.06553	-1.95145
1.59607	-1.45231
1.02278	-0.862144
0.395972	-0.139547
0.422449	0.00549263
0.232762	0.215701
0.192828	0.219287
0.320589	0.570327
0.533037	0.777938
0.815583	0.844301
0.70909	0.412172
1.00721	-0.363198
0.778894	-0.227303
0.720652	-0.29243
0.891223	-0.456861
0.63455	-0.122001
0.562414	0.0906369
0.724233	0.0662826
1.17877	-0.923572
1.67286	-1.28362
1.43491	-0.0494027
2.01075	-1.04383
1.87555	-1.0309
2.40981	-1.79958
2.89635	-2.47317
2.79651	-2.19186
2.19145	-1.3149
1.95699	-0.991316
1.86212	-1.25787
2.04746	-1.80934
2.13879	-2.19257
1.80215	-1.653
1.09841	-0.784683
0.394249	0.0632678
0.326779	0.183455
0.407324	0.240796
0.553569	0.183056
0.556497	0.2845
0.352738	0.426256
0.193962	0.252577
0.413383	-0.0946908
0.30428	0.122167
0.246999	-0.299712
0.643049	-1.01478
0.522849	-0.970573
0.358459	-0.944511
0.4996	-0.908323
0.64637	-1.16839
0.550985	-0.800396
1.17469	-0.902913
0.885061	-0.457729
0.993285	-0.665703
0.905615	-0.254306
0.76023	-0.0793338
0.89958	-0.22082
1.04755	-0.49188
0.837967	-0.21629
1.25874	-0.325647
1.07992	-0.105121
0.93293	-0.19728
1.3249	-0.616036
1.04923	-0.579233
1.20285	-0.575407
1.39048	-0.917371
2.10574	-1.34688
2.56419	-2.28489
2.17712	-1.73477
1.63991	-1.12925
1.73199	-1.33903
2.07309	-1.89345
1.5026	-1.1543
1.61412	-1.3809
1.16394	-1.03315
1.29071	-1.08605
0.997385	-0.900664
1.04398	-0.62189
1.02755	-0.337893
0.49641	-0.703866
0.776592	-0.599093
0.826231	-0.522785
0.945841	-0.756644
0.951901	-0.880071
0.93903	-0.851971
1.31583	-1.48151
1.01726	-1.02011
1.88823	-1.62123
1.76647	-1.08403
1.96069	-1.8058
2.5234	-2.85212
1.83456	-1.71139
1.73709	-1.41485
2.12221	-1.39974
1.76005	-0.730882
1.58423	-0.706272
1.67993	-0.852931
1.43044	-0.863862
1.82064	-1.03481
1.42894	-0.686955
1.56954	-0.734542
1.46765	-0.418613
1.17002	-0.774974
1.4021	-1.1782
1.28568	-1.35475
0.957956	-0.603348
0.93565	-0.655055
0.933784	-0.841775
1.01295	-1.03387
1.05874	-0.792241
0.796005	-0.595347
1.12875	-0.731402
0.849078	-0.416229
1.05119	-0.474967
0.933583	-0.335495
0.944474	-0.339378
0.915922	-0.192449
1.03689	-0.400722
0.87977	-0.0697781
1.043	-0.0709506
1.14749	-0.20413
1.04247	-0.192168
1.01564	-0.165887
0.892698	-0.348588
0.884743	-0.149086
0.865782	-0.173982
0.948958	-0.139228
1.29296	-0.646225
1.00545	-0.289482
1.55984	-0.94877
1.57748	-0.826028
1.49136	-0.864436
1.8819	-1.35482
1.40126	-0.689747
1.23858	-0.355054
1.16106	-0.31617
1.46339	-0.496118
3.15508	-3.25811
2.11561	-1.23636
1.78146	-0.89153
1.78368	-0.866118
1.66741	-0.671259
1.58781	-0.578206
1.88495	-0.951289
1.86366	-0.92456
1.99929	-1.11405
1.97966	-1.21886
1.68391	-0.892463
1.25449	-0.415732
1.23503	-0.431968
1.4159	-0.642537
1.67555	-1.03388
2.08271	-1.73728
2.29525	-2.07629
2.59463	-2.39702
3.20871	-3.80969
1.70866	-1.82584
1.75213	-1.7681
1.81159	-1.93687
1.6357	-1.40924
2.05678	-1.64044
0.0940062	-0.0556609
0.258399	0.205618
-0.248088	0.317646
-0.190049	0.185908
-0.0235642	0.172522
0.256105	0.313285
0.320986	0.131094
0.037119	-0.228592
0.279694	-0.376581
0.576577	-0.284707
0.159337	0.249789
0.0986143	0.251398
-0.0787671	0.213648
0.0519095	0.11045
-0.143096	0.222184
-0.365424	0.395573
-0.509379	0.360148
-0.741129	0.60267
-0.548215	0.718729
-0.495129	0.612726
-0.384777	0.409537
0.00618927	0.185492
0.266032	0.189895
0.132215	0.0881052
0.211543	0.0338407
0.928855	-0.764922
1.11565	-0.9598
1.98874	-1.91013
1.70751	-1.45261
1.90471	-1.78618
2.15852	-2.4215
1.94913	-2.28841
1.58724	-1.74804
1.66927	-1.99975
1.42093	-1.73679
1.15326	-1.48107
1.13486	-1.538
1.17665	-1.60575
0.828348	-1.25534
0.614233	-1.05619
0.462822	-0.947198
0.472324	-0.969066
0.526597	-0.903441
0.644295	-0.950399
0.798679	-0.946997
1.19854	-1.1484
1.15815	-0.936739
1.55022	-1.04748
1.62753	-0.968948
1.76853	-1.1331
1.88372	-1.0483
2.10522	-1.2273
1.88288	-1.14762
1.52106	-0.531342
1.71371	-0.814612
2.37388	-1.75032
1.52231	-0.664823
1.15426	-0.232729
0.993214	-0.32029
1.02761	-0.424674
1.76593	-1.23705
1.55036	-1.2652
1.37167	-0.899474
1.52114	-1.10998
0.643213	-0.327618
0.384597	0.020545
0.356325	0.454493
0.400968	0.285334
0.554782	0.609953
0.484213	0.345643
0.378289	0.390221
0.284119	0.430263
0.354244	0.40737
0.503708	0.248388
1.13155	-0.751304
1.86603	-1.31908
1.62346	-0.842101
2.15283	-1.46509
2.40901	-2.07809
2.45307	-2.13793
2.60752	-2.33186
2.7219	-2.69027
2.77977	-3.17047
2.91919	-3.62233
2.46461	-2.70698
2.04002	-1.86552
2.03247	-1.85858
1.86767	-1.89843
1.09427	-1.08456
1.50577	-1.43904
1.01218	-0.703081
1.01616	-0.617815
1.09474	-0.619805
0.646507	-0.028915
0.644118	0.218219
0.890122	-0.301552
1.26476	-0.565591
1.38962	-0.558948
1.22974	-0.605746
1.43804	-0.969269
1.63138	-1.26677
1.32582	-1.24673
2.17138	-2.22267
2.23618	-2.50737
2.18736	-2.63626
1.81295	-2.09639
2.78246	-3.62895
2.4044	-3.09179
1.74848	-2.12552
1.17838	-1.10408
1.25796	-0.873087
2.30775	-2.27264
2.08493	-1.97793
2.0675	-2.00948
1.63382	-1.3248
1.71641	-1.51124
1.41986	-1.21069
1.60899	-1.64279
1.73561	-1.66185
1.31868	-1.31061
1.42227	-1.58322
1.78326	-1.83543
1.70493	-1.97533
1.29441	-1.31467
1.37502	-1.41978
1.07892	-1.04801
1.23348	-1.07711
1.01367	-0.770829
1.47444	-1.08425
1.13671	-0.708095
1.02682	-0.559953
1.16245	-0.628082
0.917259	-0.218326
1.17288	-0.482445
0.809306	-0.209688
0.90531	-0.203711
1.03894	-0.242771
0.868473	-0.267406
1.05507	-0.302698
0.703593	0.0163488
0.775164	0.0230862
0.839321	-0.10216
0.781075	-0.2009
1.06227	-0.0714126
1.16721	-0.417485
0.997614	-0.424983
0.88382	-0.203241
1.00536	-0.318204
0.975868	-0.422793
1.1119	-0.93101
1.24216	-0.961047
1.61407	-1.63137
1.14813	-0.82366
1.11922	-0.886143
1.49487	-1.22592
1.14762	-0.854571
2.65954	-2.72605
2.55948	-2.2495
1.93865	-1.3563
1.85096	-1.08692
1.77071	-1.2204
1.79539	-1.05323
1.74727	-1.10428
1.43451	-0.864811
0.984624	-0.496514
1.05881	-0.616732
0.932184	-0.619931
0.841717	-0.756418
1.06058	-1.3401
0.774012	-1.0917
0.664269	-1.03081
0.544198	-0.692492
0.898741	-0.869795
0.881723	-0.515415
0.722068	-0.466366
0.673867	-0.44698
0.532216	-0.431348
0.740493	-0.321565
1.01923	-0.409409
0.91316	-0.0712556
1.21877	-0.52638
1.47104	-1.10236
1.50528	-1.17359
1.49974	-0.893936
1.84019	-1.11342
1.45401	-0.445183
1.21267	-0.332309
0.891733	-0.158587
0.936051	-0.646764
0.517058	-0.558646
0.471801	-0.390778
0.54641	-0.0471314
0.348134	0.191313
0.515483	0.420295
0.75348	0.571953
0.712647	0.554287
0.844613	0.837795
0.546093	0.637765
0.801144	0.851559
0.545892	0.388677
0.651535	0.470818
0.846216	0.368644
0.745893	0.347805
0.646459	-0.493539
1.20164	-1.28393
0.948311	-0.866253
0.828233	-0.524085
0.842036	-0.429532
0.812983	-0.346626
0.84711	-0.256043
0.942514	-0.281772
0.996222	-0.240653
1.03229	-0.256136
1.20542	-0.347797
1.38716	-0.56902
1.46171	-0.64107
1.52556	-0.602869
1.88211	-1.07179
1.73612	-0.916809
2.05651	-1.32738
1.89926	-0.945692
1.67188	-0.420512
1.88182	-0.627105
1.7033	-0.202015
1.56138	-0.128785
1.59931	-0.187014
1.86789	-0.647224
1.79219	-0.573432
1.8569	-0.632273
1.82367	-0.699156
1.18746	-0.333591
1.06561	-0.81992
1.46979	-1.18211
1.72716	-1.08181
1.4474	-0.554059
0.522061	0.0642753
0.332727	-0.239019
-0.2838	0.213917
-0.0694145	0.353927
0.0435926	0.510958
0.203808	0.343249
0.378779	0.549911
0.587547	0.520262
0.475774	0.577928
0.539698	0.576548
0.527992	0.677125
0.355472	0.0568529
0.643925	-0.121356
0.769569	-0.432488
0.816994	-0.523347
1.22611	-0.823339
1.71265	-1.14755
2.03714	-1.18298
2.23287	-1.65836
2.40807	-2.16584
2.12537	-2.60608
2.29769	-2.92775
2.17625	-2.72718
2.31065	-2.92092
1.92098	-2.30574
2.00039	-2.45053
1.93609	-2.44755
1.85742	-2.40703
2.29737	-3.08227
2.48305	-3.36209
2.03651	-2.81683
1.44978	-2.06919
1.94516	-2.48454
1.81252	-2.2499
0.881119	-0.800911
1.01439	-0.814602
1.15117	-0.994258
1.18326	-1.00494
1.02333	-0.837438
1.48302	-1.52094
1.65522	-1.71997
1.8096	-1.99623
2.13153	-2.58242
2.06907	-2.67237
1.52772	-1.56389
0.874143	-0.749818
1.17781	-0.991945
1.14858	-0.981402
1.02768	-0.782609
0.267209	-0.0997265
0.205188	0.351379
-0.00616897	0.252153
0.291235	0.138748
0.61535	-0.0864633
0.74593	0.0597009
0.376678	-0.284952
0.515253	-0.31327
1.05981	-0.812485
1.77786	-1.50919
1.40738	-0.657676
1.05955	-0.241845
1.58821	-0.943446
2.20275	-1.9156
1.85687	-1.57343
1.61223	-1.30111
1.67919	-1.39934
1.19895	-0.717286
1.02359	-0.541737
0.970885	-0.420212
0.848308	-0.326846
0.956287	-0.174448
1.13033	-0.768478
1.00066	-0.786951
1.26371	-1.0242
1.54574	-1.31648
2.77837	-3.02196
2.62274	-2.77058
2.36632	-2.25001
2.44905	-2.20467
2.0957	-2.39133
2.26954	-2.78056
2.52658	-3.2055
2.40507	-3.04898
2.74669	-3.55423
2.39216	-2.96666
1.86733	-2.10988
0.986742	-1.16905
0.253867	-0.777242
0.0133689	-0.742188
-0.191539	-0.804518
-0.18965	-0.836877
0.0951868	-0.774981
0.534517	-0.774447
0.947743	-0.753427
1.36401	-1.11419
1.63496	-1.45449
1.9301	-1.88586
1.77382	-1.69913
1.93636	-1.92487
2.4671	-3.11326
2.12364	-2.74043
1.84605	-2.28496
2.17556	-2.74293
2.44513	-3.13302
2.16155	-2.65997
2.39068	-2.71016
2.68882	-2.64847
2.40699	-1.89667
2.3807	-2.04284
2.21061	-1.82806
2.38574	-2.0674
2.43556	-2.05843
2.71777	-2.47094
3.06368	-3.18442
2.81478	-3.12494
2.83441	-3.04151
2.68755	-2.68995
2.25324	-1.74829
2.05389	-1.56055
1.67902	-1.43231
1.28943	-1.0878
1.20342	-0.815653
1.07893	-0.637139
0.879608	-0.45156
0.990285	-0.510538
0.893169	-0.650935
1.16109	-0.511341
0.853005	-0.184823
0.710102	-0.404836
1.18179	-0.587092
0.77639	-0.839191
1.09832	-1.02964
0.556956	-0.418024
0.351609	-0.382403
0.313491	-0.383394
0.365207	-0.354895
0.460588	-0.280545
0.702748	-0.385673
0.49539	-0.376842
0.458329	-0.319912
0.46245	-0.435227
0.608454	-0.244271
0.165087	0.0519691
0.419591	0.158136
0.655986	0.129864
0.746943	0.324318
0.825318	0.21584
0.643805	-0.134993
0.817238	-0.606825
0.983167	-0.396785
1.87564	-0.648983
1.61558	-0.211538
1.77877	-0.476405
1.65844	-0.564613
2.51787	-1.94557
2.43808	-1.8669
2.29772	-1.56609
1.39737	-0.413044
1.24269	-0.495423
1.05168	-0.479562
-0.0379187	0.114937
0.0773956	0.181619
0.24291	0.392232
0.588881	0.511547
0.586752	0.70238
0.681911	0.756136
0.884604	0.804152
0.726534	0.482238
0.317988	0.5429
0.299605	0.187628
0.548763	-0.134127
0.841279	-0.483217
0.838532	-0.530957
1.25868	-0.700716
1.51902	-0.362233
2.38742	-1.61614
2.7279	-2.38083
2.58218	-2.33248
1.58334	-0.972797
0.840448	0.0148676
0.519995	0.0936546
0.514195	0.0170367
0.606342	-0.0558071
1.24919	-0.877132
1.21547	-0.905921
1.16951	-0.712072
0.933687	-0.661378
1.12241	-0.852198
1.13502	-0.729297
1.07173	-0.705934
1.79319	-1.68197
1.61691	-0.908472
1.9432	-1.50376
2.42472	-2.36334
2.21964	-2.07418
2.52292	-2.79055
2.26979	-2.3072
2.07396	-1.9613
2.07902	-2.09343
2.22877	-2.16466
2.01205	-1.8728
2.09537	-1.96082
1.87136	-1.86278
2.01501	-1.89728
1.10006	-0.384971
0.714328	0.398123
0.500391	0.119877
0.550492	-0.0865801
1.11116	-0.8568
0.909579	-0.873357
0.638977	-0.755644
1.22408	-1.31371
1.80762	-1.99334
1.86212	-1.96063
1.67116	-1.62624
1.49365	-1.36739
1.45394	-1.2977
1.44836	-1.27857
1.4658	-1.33903
1.3521	-1.31331
1.43615	-1.4853
1.5355	-1.45094
0.891275	-0.815462
1.08657	-0.922355
1.70856	-1.67769
1.99362	-2.07037
1.77653	-1.64306
1.41825	-1.56056
1.3888	-1.3873
1.48585	-1.47883
0.68879	-0.586069
0.536877	-0.175753
0.472009	0.0734565
0.479473	0.285989
0.442474	0.402012
0.392629	0.548437
0.47031	0.346114
0.190982	0.252993
0.273063	0.30904
0.606625	0.465687
0.469373	0.375731
0.650327	0.667761
1.10501	-0.707614
0.947414	-0.311067
0.972536	-0.356778
0.824868	0.00331025
1.08936	-0.47968
1.02687	-0.459639
0.880811	-0.383756
0.937445	-0.37698
0.928159	-0.383053
1.18151	-0.686005
0.986779	-0.461665
1.29832	-0.651431
1.75536	-1.05495
2.09449	-1.08396
2.02498	-0.788515
1.71365	-0.423946
2.1538	-0.85297
1.6862	-0.820506
2.04279	-2.06438
2.33238	-2.45189
2.2266	-2.18779
2.5755	-2.83894
2.39708	-2.42551
2.77395	-2.55922
3.90458	-3.69614
4.01742	-4.09281
2.79691	-2.1567
3.09546	-2.82261
3.90016	-4.29108
3.41335	-3.23803
2.90653	-2.25857
3.13942	-2.38315
3.32744	-2.67535
3.30212	-2.79403
2.54134	-1.70701
2.56608	-1.88332
2.27711	-1.49896
2.22493	-1.69619
1.18734	-0.769212
0.578305	-0.690731
0.563024	-0.338657
0.694428	-0.641276
0.675432	-0.490115
0.349654	-0.356262
0.395234	-0.178462
1.66583	-1.25954
2.2623	-1.80985
2.33871	-2.09023
1.60925	-0.880787
1.07033	-0.146129
1.43468	-0.392184
2.19058	-1.61041
2.28748	-1.85525
2.17979	-1.84771
1.53311	-0.96885
1.3328	-0.800429
1.01141	-0.494731
0.867532	-0.436985
0.84836	-0.668269
0.98882	-1.17349
1.48045	-1.95059
2.20928	-1.90829
2.17442	-2.08388
2.28438	-2.41415
2.26099	-2.31889
1.47881	-1.34704
1.54978	-1.28283
1.36472	-0.931119
1.10602	-1.04248
0.358052	-0.304527
-0.00218852	-0.0536413
0.192585	-0.00821303
0.432819	0.272579
0.654471	0.547654
0.692015	0.538897
0.806909	0.60984
0.675037	0.0805568
0.562524	-0.178609
0.603739	-0.0934073
0.671094	0.136189
0.762431	-0.121364
0.728299	-0.0902351
1.05094	-0.203915
0.922892	-0.471601
0.846386	-0.951557
0.469762	-0.598149
0.840728	-1.20558
0.861975	-1.17079
1.30606	-1.66339
1.10894	-1.22667
0.188252	-0.429271
0.838249	-0.671136
1.44729	-1.23495
1.40929	-1.17217
1.51486	-1.10603
1.24037	-0.659571
1.38639	-0.806857
1.50118	-0.959761
1.48228	-0.987275
1.71939	-1.42357
2.3803	-2.27345
2.12514	-1.65338
1.23766	-0.510879
1.11605	-0.644589
1.29385	-1.08764
1.74067	-1.88782
1.36913	-1.00127
1.23844	-1.03764
1.34987	-1.01021
1.26226	-0.955147
1.0915	-0.480738
0.812676	-0.142566
0.512367	0.117528
1.39465	-0.720045
1.89664	-1.27817
1.79633	-1.19419
2.28778	-2.07496
2.71946	-2.63802
2.1765	-1.89127
2.06991	-1.64542
1.86421	-1.33313
1.67911	-1.17936
1.18043	-0.795511
1.38362	-0.954294
1.2684	-0.715714
1.1589	-0.841463
1.10862	-0.744211
1.04547	-0.502386
1.19099	-0.744058
1.34594	-0.978004
3.213	-3.48113
2.58061	-2.48851
2.17273	-1.85137
2.03744	-1.58212
2.42316	-2.26131
3.08989	-3.92439
3.02561	-3.88251
2.82079	-3.50249
3.16001	-4.01255
2.5604	-2.65592
2.20706	-1.73816
1.64045	-0.875825
1.83474	-1.20436
1.7535	-1.12736
1.81962	-1.28185
1.82651	-1.34697
2.05006	-1.7528
2.54667	-2.61096
2.24643	-2.12442
2.02622	-1.91697
1.74246	-1.19138
1.80561	-1.40516
1.55093	-0.783593
1.51727	-0.85748
1.14079	-0.447614
1.00059	-0.467223
0.573141	-0.535313
0.597819	-0.865498
0.191149	-0.589702
0.269417	-0.790676
0.17706	-0.838714
0.222264	-0.910531
0.464574	-1.08984
0.569477	-0.750736
1.2496	-1.22688
1.04278	-1.08621
1.07806	-0.768414
1.34344	-1.10271
1.07133	-1.01445
1.06282	-0.920479
0.969577	-0.869807
1.03475	-0.950315
1.09626	-1.13564
0.895867	-0.968141
1.0629	-0.789558
1.48563	-1.24591
1.95879	-1.72135
3.00981	-3.20019
2.48506	-2.20061
2.32694	-1.83824
2.34253	-1.68884
2.23221	-1.28364
1.85636	-0.837031
1.88438	-1.32388
1.58855	-1.3393
1.72018	-1.66429
1.44681	-1.13575
1.0311	-0.599622
1.05187	-0.631202
0.613821	-0.128958
0.635474	-0.0978794
0.654783	-0.00930671
1.30225	-0.711905
1.24861	-0.595375
1.25152	-0.570579
1.22314	-0.596451
2.04599	-1.09253
1.92365	-0.765558
1.38763	-0.830511
2.24962	-2.55767
1.98146	-2.27136
2.4553	-2.97413
2.47102	-3.00064
2.48368	-3.07959
1.94751	-2.18507
2.35261	-2.92317
2.2904	-2.69044
2.26183	-2.6296
2.43557	-2.91529
2.60159	-3.2409
2.45387	-2.97861
1.77103	-1.80305
1.80272	-1.3629
1.52641	-0.92682
1.85275	-1.32538
2.65807	-2.54627
2.94523	-2.89937
2.91215	-2.92738
1.56934	-0.95996
1.6787	-1.35187
1.40147	-1.19088
1.41565	-1.59538
1.58608	-1.84594
2.17023	-2.68154
2.03534	-2.37508
1.74309	-1.85328
1.32623	-1.1321
1.3621	-1.08267
1.84959	-1.62943
1.45076	-0.72376
0.868267	-0.0318557
0.779731	-0.2808
-0.0877267	0.379447
-0.155272	0.163717
-0.0711703	0.215197
-0.12738	0.269432
0.257498	0.50188
0.430242	0.592716
0.226286	0.779079
0.0246158	0.289709
0.136645	0.315186
0.594172	-0.128807
1.55864	-0.856522
1.36726	-0.565912
1.36828	-0.596271
1.76025	-1.07702
2.26216	-1.77367
2.03559	-1.33382
2.03522	-1.41599
1.14121	-0.913679
1.06841	-1.18167
0.852985	-0.313799
0.777711	-0.355951
0.49153	-0.269713
0.559493	-0.392174
1.6567	-1.31264
2.3363	-2.03803
2.15088	-1.86346
1.96615	-1.55021
1.88524	-1.37594
2.23069	-1.86164
2.92423	-2.9188
2.91322	-2.8816
2.84689	-2.79522
2.79076	-2.68612
2.77273	-2.65081
3.10187	-3.34053
3.12991	-3.50547
2.67683	-2.48387
2.44457	-2.20934
2.12895	-1.83107
2.36676	-2.5474
1.71879	-1.54672
2.22378	-2.5393
2.09883	-1.96348
2.25552	-2.48154
1.68024	-1.61259
1.39035	-1.33696
1.68095	-1.54396
1.44337	-1.30369
1.13101	-0.99094
1.10637	-0.79947
1.02693	-0.633838
0.908024	-0.650403
0.737492	-0.0608336
1.20116	0.589641
1.14093	-0.288278
1.10302	-0.52699
0.929257	-0.274022
0.890792	-0.21568
0.969161	-0.352894
0.944538	-0.261559
0.886795	-0.139431
0.861828	-0.29447
0.944289	-0.162314
0.924284	-0.20575
0.825641	-0.144609
1.07493	-0.209039
0.845097	-0.222174
0.677855	0.0896428
0.745379	-0.134039
0.92367	-0.287989
0.983319	-0.195598
0.826599	0.0664809
0.696242	0.109908
0.766449	-0.478086
1.34447	-0.866577
1.753	-1.58497
2.0473	-2.16314
2.02252	-2.3678
1.7036	-1.97895
1.85656	-2.25019
1.42591	-1.8664
1.61047	-2.05606
1.66457	-2.08831
1.69977	-2.13417
1.75813	-2.23772
1.65406	-2.08319
1.53124	-1.85574
1.70133	-2.10581
1.68102	-2.06361
1.75956	-2.09713
1.73942	-1.62622
2.09122	-1.68138
2.1437	-1.50274
1.49513	-0.46064
1.20055	0.165982
0.193579	0.567601
-0.252626	0.128848
0.058278	0.0336552
0.425151	0.361826
0.444761	0.565303
0.679602	0.684902
0.487814	0.80689
0.569035	0.62504
0.579862	0.495261
0.469557	0.216708
0.704262	-0.245952
1.5842	-1.53592
2.72829	-2.68219
1.99224	-1.36811
2.07798	-1.67704
1.75668	-1.39162
1.2409	-0.763319
0.991525	-0.605018
0.6717	-0.491972
0.415845	-0.543867
0.16151	-0.652947
-0.0101219	-0.772559
0.905344	-0.524792
1.19594	-0.720817
0.900211	-0.602974
1.33961	-0.992347
0.936667	-0.7733
0.845565	-0.720236
0.913749	-0.879187
0.713342	-0.845896
1.1976	-1.19415
0.80334	-0.600746
1.20657	-1.02119
1.73608	-1.3568
2.32372	-2.1503
2.64198	-2.50023
2.78643	-2.65535
2.78575	-2.89754
2.37468	-2.38809
1.87801	-1.6895
1.50242	-1.11434
1.68677	-1.22172
1.53035	-0.986041
1.84557	-1.4181
2.15653	-1.96923
1.75546	-1.3606
1.55428	-1.03041
2.10968	-1.6567
1.62419	-1.35823
1.35077	-0.905945
1.38651	-0.565951
1.15594	-0.183582
1.13094	-0.426513
1.22616	-0.538825
1.50881	-0.895939
1.29134	-0.837173
1.59726	-1.4232
1.95362	-2.11056
2.2753	-1.80157
2.51104	-2.41942
2.33606	-2.25714
2.3616	-2.25898
2.41561	-2.64929
1.98389	-1.90961
1.56149	-0.958001
1.3814	-0.607663
1.68501	-1.01784
1.56168	-1.64721
2.20319	-2.89656
1.91066	-2.41478
2.22872	-2.87926
2.61163	-3.48082
2.82706	-3.78358
1.70984	-1.89194
1.30032	-0.965052
2.82684	-2.61152
2.445	-1.85828
2.58862	-2.09076
2.54674	-2.0822
2.28269	-1.92645
2.5603	-2.01125
1.50721	-1.04205
0.202792	0.0741521
-0.0204813	0.372289
0.0868519	0.477206
0.240611	0.553994
0.54293	0.671653
0.976614	0.948194
0.997282	0.772429
0.723887	0.319244
0.665138	0.164045
0.568928	0.0514436
0.437975	-0.376892
0.883319	-0.630281
1.07404	-0.496866
1.78943	-1.40992
1.97291	-1.65575
2.34458	-2.17102
1.93326	-1.45927
1.8989	-1.46233
1.80662	-1.35904
1.67629	-1.16148
2.04608	-1.60278
2.38724	-2.13811
2.52103	-2.22767
2.36492	-1.90178
2.18744	-1.52069
1.94422	-1.00332
2.13912	-1.5844
2.39516	-2.30057
1.65772	-2.04637
1.26825	-1.17573
1.80601	-2.01034
2.28598	-2.48716
1.41918	-1.07074
1.75799	-1.52249
2.23782	-1.73374
2.17403	-1.78678
2.7462	-2.74606
2.26049	-2.34673
1.98646	-1.96136
1.72098	-1.63558
1.34978	-1.33707
1.00554	-0.981221
0.882114	-0.980792
0.330863	-0.548614
0.164231	-0.724995
0.262961	-0.605502
0.383156	-0.512801
0.287131	-0.749858
0.331409	-0.746393
-0.000978963	-0.784144
0.103392	-0.997604
0.158508	-1.00299
0.167501	-1.07691
0.232124	-1.01008
0.361647	-0.972133
0.554983	-1.07028
0.589276	-0.924953
0.612677	-0.663688
1.16141	-1.08238
1.36286	-1.39745
1.25454	-1.22623
1.11655	-1.05487
1.23625	-1.16135
1.5202	-1.72197
1.11549	-1.04177
1.27771	-1.21124
1.40103	-1.37429
1.42996	-1.28715
1.17603	-0.920275
1.3812	-1.2546
1.00742	-0.612743
0.79785	-0.159617
0.915746	-0.15036
1.10187	-0.508287
0.943986	-0.235525
0.982163	-0.267016
1.05	-0.468971
0.682709	-0.0090933
0.907387	-0.265558
0.952258	-0.336467
0.891871	-0.174966
0.97927	-0.383888
0.736741	0.00252999
1.08478	-0.351017
0.944347	-0.25466
0.973291	-0.198279
0.962132	-0.228745
1.07445	-0.134032
0.872587	-0.10569
0.924067	-0.128541
1.01952	-0.228213
1.03734	-0.171131
0.88984	-0.260236
1.14667	-1.05228
1.06951	-0.936514
0.818008	-0.592811
0.895329	-0.922612
1.26503	-1.35026
1.15665	-0.932835
0.836867	-0.855492
1.11184	-1.39204
0.793564	-0.910566
-0.0811363	0.00623069
-0.018496	-0.134657
0.0923564	0.0232322
0.268398	0.193275
0.216869	0.317674
0.583	0.340338
0.57327	0.260134
0.552915	0.116734
0.380375	-0.139165
0.82019	-0.650196
1.03416	-1.08125
1.19793	-1.13648
1.41906	-1.40613
1.29509	-1.26113
1.8153	-2.05058
2.05355	-2.51886
1.94205	-2.39995
1.8898	-2.26608
1.98345	-1.92876
2.11791	-1.99258
2.32189	-2.3513
2.03019	-1.72585
2.17446	-1.95496
1.68215	-1.29862
1.36593	-0.751096
1.81636	-1.43514
1.37587	-1.07948
0.802527	-1.3464
1.05077	-1.72435
0.941609	-1.46024
1.47585	-1.93978
1.77335	-2.20886
1.71569	-1.80381
1.61997	-1.39603
1.64019	-1.21986
1.64696	-1.14015
1.60493	-1.05517
1.48853	-0.768573
1.63842	-0.876383
1.44824	-0.595234
1.68214	-0.740435
1.66819	-0.745754
1.8038	-1.04342
1.60503	-1.25657
1.54195	-1.13905
1.15736	-0.57816
0.886887	-0.573049
1.05548	-0.860357
1.31159	-0.422753
1.06342	-0.248883
1.04451	-0.26895
1.11441	-0.399142
1.20906	-0.589302
1.30922	-0.804891
1.81391	-1.62858
2.34377	-2.52329
2.69346	-3.23772
2.28218	-2.50242
2.18882	-2.43711
1.70955	-1.77305
2.05362	-2.0927
1.86555	-1.92827
1.20636	-0.945839
0.726145	-0.441212
1.09458	-0.97896
0.820245	-0.440032
1.09714	0.0761864
0.817527	-0.0391877
0.467597	-0.316882
1.53005	-1.54772
0.999835	-0.828759
0.888031	-0.612141
1.49928	-1.07433
2.06085	-1.60012
2.19333	-1.86878
2.08343	-2.16901
2.37115	-2.4832
2.6976	-2.98478
2.64326	-3.0203
2.88514	-3.48503
2.70474	-3.1722
2.69119	-3.17552
2.70734	-3.02561
2.63697	-2.2734
2.29787	-1.63818
2.00768	-1.34498
2.12422	-1.81239
1.62164	-1.16095
1.13123	-0.736265
0.720513	-0.521381
0.586806	-0.620412
0.326712	-0.57741
0.185533	-0.76378
0.381407	-1.01073
0.215977	-0.871117
0.175646	-0.862458
0.159279	-0.85036
0.14204	-0.831795
0.12901	-0.871601
0.189957	-0.782073
0.210571	-0.815963
0.279526	-0.784074
0.725149	-1.06387
1.29795	-1.55128
1.42863	-1.50711
1.46285	-1.34987
1.79624	-1.64702
1.986	-1.75581
2.71091	-2.52093
3.2739	-3.46763
2.63315	-2.72435
2.21408	-2.03156
1.94054	-1.71231
2.15299	-2.15646
1.80693	-1.88409
1.78845	-1.86481
1.25439	-1.16886
1.23232	-1.22329
1.12445	-1.00764
1.03727	-0.838322
1.2005	-1.04566
1.38043	-1.09024
1.04254	-0.524943
0.946332	-0.365806
1.04088	-0.336299
0.924175	-0.564068
0.895757	-0.762031
2.22215	-1.55741
2.05761	-1.35619
2.15037	-1.74452
2.66626	-2.53896
1.9723	-1.51546
2.2756	-2.06093
2.79337	-2.91797
2.94567	-2.8886
1.46919	-0.893043
1.79155	-1.24171
1.42023	-0.668115
1.28492	-0.726439
1.092	-0.670521
1.03308	-0.575258
0.499358	0.223653
0.0401397	0.462099
-0.0633683	0.610838
-0.0281904	0.362868
0.571314	0.194744
0.618151	-0.201738
0.475754	-0.213235
0.787298	-0.12006
0.600593	-0.145969
0.55517	-0.161559
0.792817	-0.110832
0.994244	-0.0970398
0.721512	-0.0586249
0.775954	-0.169908
0.862805	-0.530199
1.1803	-0.941238
0.822554	-0.709765
0.954992	-0.824421
0.772452	-0.767683
0.37061	-0.504376
0.178293	-0.384239
-0.350051	-0.0601608
0.00990249	0.069864
0.262327	0.290656
0.134998	0.455268
0.621157	0.534615
0.469462	0.357907
0.564236	0.472072
0.466284	0.396174
0.405496	0.200516
0.510224	-0.00198357
0.388332	-0.569774
0.499891	-0.85339
0.428257	-0.903222
0.471181	-0.990652
0.413572	-1.00341
0.629655	-1.21568
1.09042	-1.39127
1.55612	-2.0134
1.84075	-2.19345
2.42434	-2.75932
1.44923	-1.06331
1.41161	-1.12319
1.61237	-1.07593
1.24573	-0.683445
1.1671	-0.608572
1.21014	-1.00835
1.1229	-0.818721
1.30575	-1.23447
0.999831	-0.771351
1.4018	-1.21588
2.85395	-3.58126
2.46962	-2.95147
2.52435	-2.95927
2.12474	-2.31719
1.57704	-1.58692
1.38285	-1.35877
1.11084	-1.11782
0.897983	-0.510486
1.70672	-1.17043
1.82586	-1.16056
1.21681	-0.703308
1.3895	-0.694404
1.64192	-0.784641
1.936	-1.42286
1.61904	-1.06786
1.7227	-1.23641
1.2356	-0.772596
1.21772	-0.777192
1.08403	-0.77629
1.35788	-1.0912
1.07884	-0.931845
0.131627	0.0952047
0.352324	0.415793
0.366123	0.45997
0.387577	0.601238
0.718646	0.656642
0.651312	0.586271
0.577525	0.583935
0.419578	0.440313
0.378915	0.354232
0.497949	0.383381
0.336186	0.242088
0.200058	0.461092
-0.0437586	0.210899
0.032245	0.310386
0.0832712	0.442127
-0.0451575	0.57367
0.0261176	0.422024
0.234841	0.401553
0.464416	0.217604
0.652133	0.112168
0.925196	-0.355761
0.785799	-0.223564
0.819545	-0.250531
0.829948	-0.0826361
1.15423	-0.765637
0.82144	-0.337772
1.04785	-0.707697
0.865953	-0.226434
0.849955	-0.2174
0.919731	-0.269898
0.837368	-0.0399368
1.18608	-0.27212
1.03854	0.0148435
1.01981	0.0870595
0.916928	-0.0363216
1.24214	-0.338453
1.09075	-0.340297
1.13422	-0.138411
1.25549	-0.257218
1.04959	-0.236561
1.14873	-0.174659
1.08638	-0.109679
0.916889	-0.0608851
1.17441	-0.372302
1.01381	-0.589223
1.26436	-0.348607
1.14616	-0.358955
0.846309	-0.382705
0.825107	-0.431167
0.198529	-0.22317
0.302895	-0.459327
0.72097	-0.622736
0.795525	-0.503693
0.726692	-0.319445
-0.586116	-0.898404
-0.585445	-1.01178
-0.39261	-0.952214
-0.53517	-1.05345
-0.264136	-0.887656
-0.37511	-0.89349
-0.395603	-0.92991
-0.375999	-0.8303
-0.302198	-0.859505
-0.435268	-0.762216
0.521929	-0.736799
0.530577	-0.431457
1.00795	-0.654242
0.976213	-0.714972
0.74573	-0.347177
0.692367	-0.35321
0.882596	0.107239
0.565565	-0.00477608
-0.216381	-0.632905
0.281513	-1.01286
0.462122	-0.901152
0.581277	-0.809083
0.948683	-1.08296
1.12231	-1.12644
1.47133	-1.6087
1.56366	-1.79675
1.62337	-2.00537
1.28049	-1.66164
0.982601	-1.43049
0.588622	-1.19835
0.191535	-0.980098
0.108286	-0.714323
1.1294	-1.37402
2.00123	-2.08049
1.93375	-2.06721
1.58415	-1.73461
1.75894	-1.92469
1.06214	-1.28017
0.312603	-0.905019
0.146786	-0.870489
0.507301	-0.844021
0.897624	-0.918872
1.35197	-1.26608
1.03987	-0.712242
1.36795	-1.1151
1.18111	-0.733036
1.17215	-0.644618
1.22592	-0.654879
1.02097	-0.46864
1.40429	-1.22373
2.20536	-2.65227
1.5372	-1.48488
0.402762	-0.302046
0.434334	-0.283594
0.488412	0.128661
0.494144	0.190542
0.555848	0.243454
0.633331	0.253613
0.659191	-0.0539035
0.825986	-0.275277
1.20645	-0.842348
2.808	-2.81536
2.42958	-2.10817
2.33511	-1.92576
2.55701	-2.11908
2.77682	-2.61946
3.00261	-3.05397
2.55927	-2.36141
2.30793	-1.96937
1.60143	-1.48891
2.25642	-2.5867
1.94891	-2.19851
1.97248	-2.24877
2.59061	-3.23827
3.04257	-3.94506
2.65964	-3.2102
2.49839	-3.05639
3.12766	-4.06026
2.9073	-3.64535
2.76147	-3.36281
1.72325	-1.62332
1.46291	-1.25514
1.43114	-1.50978
1.3205	-1.5888
1.20566	-1.6144
1.31402	-1.73852
1.87937	-2.14181
2.25262	-2.47389
2.53631	-2.75977
1.91483	-1.66794
1.76003	-1.28445
1.42996	-0.954435
0.381338	-0.164644
-0.250208	-0.184689
-0.399452	-0.197653
-0.170702	-0.00360682
0.0807053	0.19971
0.222012	0.413515
0.242682	0.239469
0.238486	0.0373396
0.501647	-0.35735
1.48479	-0.783538
1.26294	-0.427322
1.39406	-0.464303
1.98676	-1.3985
2.1408	-1.8981
2.30312	-2.52831
1.99613	-2.27498
1.94867	-2.27057
2.03846	-2.37378
2.47241	-2.92713
2.66701	-3.17118
2.67901	-3.17012
2.56451	-2.89567
2.92559	-3.36509
3.63329	-4.42899
3.34277	-3.79799
1.79171	-1.47166
0.433964	-0.160987
-0.154467	-0.175395
-0.0249876	0.0937784
-0.0433907	0.290808
0.229842	0.460162
0.171995	0.35876
0.481875	0.748234
0.6661	0.844487
0.760605	0.576657
0.616508	0.287679
0.402966	0.388458
1.26057	-0.598996
1.46406	-0.842209
1.71424	-0.705722
2.8414	-2.09374
2.82445	-2.49809
2.8827	-2.8795
2.88589	-3.418
3.30774	-4.16713
3.22561	-4.03572
2.98962	-3.47724
2.90257	-3.2841
2.42318	-2.57029
1.93463	-1.71069
1.67519	-1.33818
1.51996	-1.18105
1.49498	-1.39099
0.96418	-0.566149
1.09402	-0.788525
0.775021	-0.0457962
0.879337	0.067719
0.686996	-0.234569
0.682545	-0.246805
1.3174	-1.30676
1.19913	-1.14602
0.696243	-0.991913
1.33955	-1.39711
1.05894	-1.0637
1.19548	-1.10512
1.55765	-1.51336
1.68602	-1.69398
1.81179	-1.89517
1.67822	-1.8081
1.51145	-1.59468
1.6566	-1.70111
1.87091	-2.02327
1.85185	-1.98798
2.02297	-2.15138
2.56359	-2.60575
1.90709	-1.68232
1.684	-1.44836
2.20229	-2.02817
1.77102	-1.56021
2.11269	-1.85715
2.24326	-2.22642
1.46003	-1.51493
0.765756	-1.30737
-0.0786422	-0.667947
-0.242068	-0.648628
0.0233143	-0.692713
-0.00723013	-0.500841
-0.121949	-0.648425
-0.0689332	-0.688919
0.160724	-0.33897
0.378591	-0.539161
-0.0914313	0.00676671
-0.0688701	0.0262511
0.0224247	-0.00403899
-0.104249	0.00832221
-0.262144	0.0655974
-0.153743	0.147973
0.00760954	0.137352
0.111506	0.0491388
0.347847	0.107727
0.269084	0.304836
0.170029	0.0803479
0.180314	0.154113
-0.0903799	0.193855
-0.10772	0.25429
0.000923205	0.295017
0.12805	-0.00965323
0.313429	-0.0160424
0.451299	-0.00733247
0.829751	-0.352433
0.535076	-0.0874735
0.822906	-0.350504
0.75272	-0.248844
1.0298	-0.433897
0.970311	-0.317523
1.1265	-0.592478
0.833918	-0.471943
0.772832	-0.462222
0.94505	-0.302553
1.08025	-0.405152
0.90146	-0.425541
0.959911	-0.372366
0.7262	-0.0774816
1.04494	-0.379549
0.951964	-0.223025
0.842388	0.025573
1.09934	-0.151984
1.03768	-0.0818774
1.03916	-0.345714
0.519962	0.18119
0.337484	0.464107
0.375824	0.415261
0.298214	0.27345
0.498104	0.531289
0.664608	0.462571
0.624077	0.418214
0.499176	0.256477
0.336936	-0.0217794
0.318143	-0.777616
0.446861	-0.874241
0.76355	-1.291
0.547044	-1.11261
0.424141	-1.05474
0.615128	-1.23994
0.198223	-0.858899
-0.0555901	-0.491404
-0.0379215	-0.588701
0.157079	-0.0474468
0.351721	0.10948
0.482352	0.312767
0.497091	0.457374
0.651024	0.426721
0.405298	0.231256
0.557677	0.45808
0.870262	0.296255
0.459388	0.025066
0.990406	-0.821141
1.47791	-1.20901
2.28998	-2.07417
2.37263	-2.2026
2.25284	-2.07693
1.66421	-1.09924
1.75478	-1.20977
1.62635	-1.01657
1.61588	-0.976911
1.85604	-1.33775
1.97437	-1.55882
2.03171	-1.68471
1.9454	-1.55796
1.83812	-1.44554
1.72106	-1.33008
1.5332	-1.17577
1.35252	-1.0735
1.23316	-1.01337
1.74633	-1.64555
1.98673	-2.23131
1.88198	-2.01411
1.81036	-1.69682
1.96394	-1.69721
2.28592	-2.18091
2.11304	-1.8567
1.42659	-0.795689
1.29875	-0.902172
1.73331	-1.5613
1.33753	-1.25182
0.123236	0.123625
-0.0437968	0.293877
0.292449	0.172066
0.423415	0.389654
0.353419	0.271625
0.417732	0.292029
0.67488	0.307233
0.619614	0.188201
0.666346	0.313361
0.601146	-0.301217
1.58578	-1.50416
0.778323	-0.48078
0.89803	-0.254879
0.71683	-0.0473932
0.773315	-0.093351
0.754787	-0.0870847
1.23286	-0.624192
0.939737	-0.064285
0.819485	-0.0313486
1.002	-0.294817
1.36413	-1.0405
1.23022	-1.02223
1.57491	-0.956843
2.08147	-1.81392
2.31696	-2.3606
2.02938	-1.80139
2.13852	-1.95916
2.62224	-3.09524
2.87825	-3.77288
2.40177	-3.02093
2.5917	-3.28039
2.63987	-3.26643
2.75798	-3.44487
2.20361	-2.45403
2.14276	-2.28412
2.51687	-2.85748
2.61967	-2.87667
2.99936	-3.69113
2.53091	-2.91613
2.74758	-3.24483
2.94762	-3.6476
2.45536	-2.89289
1.90421	-1.76681
1.38334	-1.09381
1.17938	-0.990756
1.11453	-0.973146
1.04637	-0.940645
1.05313	-0.975773
1.044	-1.01921
1.00461	-0.983406
1.09189	-1.08662
1.1694	-1.17958
1.25171	-1.26938
1.61315	-1.72315
1.90595	-2.10274
2.50958	-2.8289
1.76128	-1.49424
1.39077	-0.956986
1.67665	-1.68281
0.871361	-0.614821
0.119335	0.0320314
0.176635	0.0636513
0.305892	0.191629
0.392827	0.220783
0.237506	0.349157
0.345098	0.397884
0.27478	0.265024
0.345351	0.366206
0.456038	0.532464
0.606202	0.437018
0.238701	0.192075
0.270681	-0.0341553
1.04121	-0.51399
1.20582	-0.573753
0.861768	-0.249444
0.983726	-0.283945
0.764316	0.00355195
0.797168	-0.117042
0.764686	-0.0448717
1.04354	-0.296037
0.942024	-0.0976636
0.996503	-1.0035
1.09952	-1.45792
0.870442	-0.528164
0.675945	-0.664267
0.41366	-0.627895
1.24581	-1.22072
1.69903	-1.37317
1.52694	-0.906734
1.29573	-0.531949
2.28694	-1.58943
2.64997	-2.06727
2.0165	-1.49153
1.61166	-0.810818
1.38007	-0.58962
0.771964	-0.108773
0.795197	-0.198264
0.625024	-0.263975
0.739877	-0.510133
0.578999	-0.648874
0.525423	-0.815815
0.384311	-0.802154
0.264056	-0.788374
0.289557	-0.67857
0.25012	-0.524253
0.926032	-0.948356
1.24322	-1.00323
1.18945	-0.747813
1.02202	-0.956627
0.988502	-0.713478
1.37349	-1.22094
1.25121	-0.926532
1.07154	-0.918053
0.963659	-0.912631
0.796022	-0.7791
0.76724	-0.544716
0.605099	-0.537623
0.377628	-0.71994
0.165	-0.784838
0.199777	-0.965408
0.160868	-0.959488
0.0312233	-0.966955
0.0397425	-0.993409
0.112682	-0.9777
0.0848162	-0.973324
0.0107562	-0.979217
0.00702867	-1.02152
0.0191331	-0.98415
0.0953189	-0.952138
0.185638	-0.900448
0.320171	-0.880821
0.507249	-0.952453
0.719521	-1.00554
0.9483	-1.05669
1.04507	-1.03107
1.3307	-1.18188
1.53456	-1.35267
2.33504	-2.33344
1.56377	-1.2268
1.57997	-1.28464
1.94417	-1.63843
2.35383	-2.05214
1.8653	-1.62785
1.49897	-1.23264
1.39268	-1.08711
0.522429	-0.438973
0.401418	0.0814546
0.632733	0.0228209
0.720752	0.287322
0.600742	0.483345
0.569421	0.441503
0.460317	0.456966
0.469217	0.405927
0.507812	0.441679
0.473352	0.512689
0.343288	0.124853
0.116714	-0.00967935
0.190382	0.412382
0.110956	0.514673
0.221531	0.673558
0.474048	0.853346
0.514915	0.574128
0.673025	0.108808
0.582075	0.0189322
0.743023	-0.0324672
0.941236	-0.172488
0.762377	-0.0339729
0.808035	-0.134829
0.801866	-0.196923
0.960907	-0.288841
0.949838	-0.318046
1.11778	-0.197638
1.12623	-0.382436
0.750355	0.153211
0.938259	0.145756
0.915452	0.18535
0.910816	0.246958
1.02224	0.240764
1.04506	0.163858
0.652685	-0.595026
0.79497	-0.633076
0.89329	-0.710488
0.663466	-0.5874
0.712915	-0.745873
0.671737	-0.809745
0.637777	-0.901017
0.686867	-1.07549
0.591241	-0.992045
0.556242	-0.915
0.694578	-1.02451
0.827145	-1.0581
0.899396	-1.03782
1.08624	-1.1253
1.28425	-1.2882
1.67367	-1.68384
1.95069	-1.81644
2.32133	-2.27967
3.28112	-4.07749
2.6804	-2.97687
2.86447	-3.32822
2.77505	-3.23671
2.57998	-2.70404
2.64178	-2.86689
1.48787	-1.00165
1.22442	-0.678497
1.74614	-1.3245
2.09515	-1.8487
2.39589	-2.17646
2.30262	-2.05578
2.34936	-2.13903
2.53421	-2.53986
2.14133	-1.92871
2.03938	-1.74738
1.98842	-1.64749
2.10349	-1.76268
2.56807	-2.38624
3.13708	-3.20397
2.72876	-3.21543
2.65065	-3.23493
2.28314	-2.35055
2.39419	-2.43157
2.12629	-2.01685
1.8735	-1.69359
2.05177	-2.09069
0.406875	-0.304235
0.319489	-0.0598884
0.0173903	0.233394
0.364161	0.114411
0.551777	0.170312
0.340659	0.243771
0.373278	0.171387
0.363561	0.088052
0.954367	-0.43921
1.18487	-0.928084
1.45134	-1.19491
2.20047	-1.86029
2.21894	-1.64863
1.82376	-1.35451
1.93102	-1.46466
1.74031	-1.19553
1.55765	-0.944365
1.5856	-1.00049
1.52318	-0.946052
1.49704	-0.841226
1.82758	-1.24205
1.80619	-1.06943
1.55383	-0.980677
1.53061	-1.14834
1.17152	-0.395122
1.13173	-0.515505
0.654941	0.0942554
0.597594	-0.288757
1.33976	-0.745353
1.45834	-0.59341
1.52939	-0.905834
1.95271	-1.32944
1.60105	-1.01936
2.00394	-1.61421
2.36365	-2.0835
2.18022	-2.00038
2.06542	-1.69147
1.43734	-0.761188
1.49496	-0.914932
1.64162	-1.31592
-0.0247948	0.0466909
-0.0359198	0.0819099
-0.383507	0.0736689
-0.191859	-0.408559
-0.370697	-0.25381
-0.288236	-0.10461
0.318409	-0.095514
1.26349	-0.994859
1.47719	-1.13539
1.30962	-0.868857
1.22784	-0.800711
1.87403	-1.8816
2.44789	-2.84761
1.97016	-2.15604
2.06916	-2.49952
2.42312	-3.04469
2.29124	-2.6434
1.97591	-1.83949
1.6731	-1.05049
2.46225	-2.0199
2.31546	-1.84348
2.61334	-2.48708
2.33196	-2.12389
1.98776	-2.52203
2.04077	-2.57261
2.32895	-3.02047
2.01492	-2.5191
1.55172	-1.85262
1.36949	-1.23351
1.38532	-0.972908
1.32719	-1.06545
0.370987	0.0974522
0.629801	-0.0713598
0.848788	-0.428623
0.89592	-0.375713
1.2384	-0.553713
1.32483	-0.746273
1.27031	-0.440991
1.46558	-0.827034
1.51639	-0.776827
1.38487	-0.637399
1.05962	-0.295971
0.959831	-0.738406
1.38607	-1.22015
1.23184	-0.898828
1.14832	-0.803399
0.671386	-0.0933947
0.961474	-0.226452
0.953517	-0.403183
0.646815	-0.121754
1.31146	-0.886081
1.98359	-1.32414
2.38498	-1.77154
2.11071	-1.25277
2.16403	-1.5807
2.79022	-2.84603
2.66874	-2.7785
2.5461	-2.62324
2.50884	-2.5518
2.59626	-2.63722
2.09264	-2.09375
1.9953	-2.02652
1.81433	-1.72288
1.50896	-1.32674
1.61097	-1.38562
0.751492	-0.59133
0.636446	-0.328976
0.339896	-0.522971
0.278	-0.66694
0.346251	-0.824603
0.61143	-1.11546
0.652073	-1.01653
0.105373	-1.03016
0.129736	-1.13065
0.13571	-1.13696
0.287984	-1.30337
-0.0545845	-1.00232
0.0619169	-0.960633
0.0986446	-1.0785
0.312321	-1.17868
0.445869	-1.32037
0.375793	-1.10172
0.388471	-0.964775
0.704333	-0.992728
0.778401	-1.15773
0.999789	-1.04178
1.29207	-0.933752
1.62818	-1.17391
1.54143	-1.05062
1.75405	-1.23938
1.81863	-1.16006
2.31958	-1.65557
2.04281	-1.37512
1.97289	-1.43333
1.59642	-0.911677
1.87134	-1.41596
1.39183	-0.844431
1.41399	-0.596886
1.22959	-0.413571
1.04588	-0.272329
1.19974	-0.431024
1.22402	-0.749395
0.958251	-0.156949
1.10979	-0.328555
1.01986	-0.182529
0.945192	-0.151904
0.997668	-0.361792
1.06552	-0.0872019
0.933697	-0.0392688
0.989139	-0.243747
0.952677	-0.361033
1.10547	-0.119751
1.02502	-0.212896
0.90057	-0.093186
0.990416	-0.171408
0.815523	-0.00288946
0.663496	0.137012
0.781165	0.00707054
0.824967	-0.1028
0.962952	-0.243045
0.830516	-0.278405
1.14244	-0.580268
0.92624	-0.487139
0.534051	-0.357427
0.743909	-0.538798
1.80934	-1.60387
1.83145	-1.87298
2.25299	-2.42951
1.02429	-0.975253
1.67085	-1.40837
2.68782	-2.70925
2.23734	-1.99684
1.97149	-1.50435
2.18107	-1.63438
2.31495	-1.83697
1.89499	-1.31411
1.61012	-1.20535
-0.0141857	-0.0196097
0.00888818	0.0965833
-0.205328	0.330378
0.0776262	0.546432
0.411198	0.596422
0.361213	0.622728
0.46465	0.457847
0.384232	0.353003
0.788035	-0.274452
1.64559	-1.05478
1.94612	-1.26078
1.92189	-1.33265
2.67923	-2.52668
3.5316	-3.78327
3.54011	-3.7798
2.1411	-1.60448
1.85392	-1.56799
1.67797	-1.29509
1.79197	-1.33605
1.60723	-0.765924
1.3257	-0.382572
1.45808	-0.940692
1.13281	-0.649287
1.19603	-0.809966
1.11838	-0.930857
0.693915	-0.292215
0.742471	-0.682141
1.76588	-1.41105
1.73748	-0.834825
2.11718	-1.30041
2.34825	-1.54901
2.10844	-1.2762
2.33429	-1.74789
2.14754	-1.53102
2.83674	-2.5215
2.76396	-2.25076
2.62286	-1.9222
1.63789	-0.790755
2.27505	-1.56245
2.49421	-1.67538
2.60284	-2.04241
2.64966	-2.17867
3.82487	-4.56325
2.8338	-3.01701
2.59343	-2.68695
2.3935	-2.41176
2.25855	-2.28713
0.469988	-0.0811392
-0.166735	0.0893225
0.0340456	-0.0263684
-0.0286959	0.129809
0.22707	0.401214
0.519834	0.67083
0.524597	0.421564
0.520157	0.142799
0.444597	0.0326568
1.0466	-0.709264
1.67085	-0.904629
1.38445	-0.897173
1.59065	-1.0921
2.34892	-1.99306
2.33457	-1.89337
0.818194	-0.292479
0.38637	-0.227382
0.433738	-0.140415
0.0985149	0.299258
0.629699	-0.182464
1.14749	-0.887716
0.944534	-0.736091
0.659106	-0.365399
0.70062	-0.0336336
1.15632	-0.649081
0.879188	-0.281771
0.737449	-0.156762
1.08768	-0.583538
1.10064	-0.94899
1.91995	-1.70564
1.66181	-1.34311
1.79925	-1.59852
1.6899	-1.50258
1.69981	-1.59133
1.55976	-1.62842
1.195	-1.2447
1.01509	-1.16904
0.655917	-0.836308
0.58716	-0.587815
0.60696	-0.656133
0.920616	-0.819355
0.667874	-0.382086
0.637704	-0.0464515
0.285092	0.25031
0.342156	0.272044
0.429613	0.252529
0.0854229	0.0657404
1.39366	-1.19361
1.20461	-0.729742
1.3236	-0.911175
1.30679	-0.763
1.85186	-1.32954
2.00733	-1.54972
1.85547	-1.25228
1.95591	-1.25656
1.60417	-0.818596
1.40692	-0.617542
1.48877	-0.973946
1.16811	-0.716669
1.03686	-0.719217
1.08603	-0.481587
0.915599	-0.357002
0.711635	-0.311033
1.24202	-0.74491
1.40159	-1.02295
0.888188	-0.872697
1.07949	-0.76678
2.62883	-3.0347
2.81174	-3.38343
1.81217	-1.97165
2.79727	-3.57249
2.28108	-2.54454
2.0441	-2.16145
1.62607	-1.65562
1.97271	-2.1491
1.98807	-2.19353
1.95188	-2.15748
2.24981	-2.51805
2.11265	-2.38693
2.13055	-2.38039
2.2438	-2.49935
2.73994	-3.1617
2.51939	-2.83177
2.59757	-3.06261
2.33461	-2.66893
2.1856	-2.4203
2.37039	-2.5597
2.52079	-2.66794
1.99216	-2.22014
1.1501	-1.61782
0.564225	-1.39842
0.296209	-1.2874
0.250749	-1.08031
0.239091	-0.923741
0.329629	-1.00483
0.225999	-1.01854
0.253172	-1.00252
0.29362	-0.871553
0.610844	-0.735408
0.400875	-0.494812
-0.067208	-0.0522397
0.0964633	0.12443
0.302134	0.307378
0.320508	0.365377
0.429154	0.697633
0.288497	0.506368
0.186844	0.128146
0.538413	0.473567
0.384068	0.486045
0.484024	0.531443
0.323626	0.394102
0.304313	0.374803
0.43088	0.15905
0.273414	-0.0113497
0.430595	0.435762
0.128658	0.515765
0.254955	0.306354
0.437579	0.549135
0.330882	0.298279
0.392339	0.496518
0.653703	0.373014
0.556127	0.168679
0.883847	-0.0351565
0.833395	-0.0643971
0.862326	-0.0482162
0.949972	-0.24142
1.14943	-0.348031
1.45846	-1.032
2.94573	-3.14157
3.35865	-3.7966
3.41434	-3.958
2.77859	-3.09614
2.98564	-3.43105
2.63005	-2.91148
2.57184	-2.76806
2.1629	-2.10811
1.68869	-1.11004
1.19039	-1.04608
1.19821	-0.370522
1.05904	-0.8659
3.00813	-2.79079
1.808	-1.18216
1.15885	-0.31877
2.42367	-1.62987
3.06849	-2.71033
3.25802	-3.23015
2.55976	-2.00483
3.34486	-3.24286
3.12666	-3.07734
2.87985	-2.59896
3.22007	-3.20028
2.83633	-3.11054
2.82614	-3.61916
2.36821	-2.85866
2.00757	-2.33514
2.06214	-2.4337
2.27788	-2.50787
2.66203	-2.6729
1.98604	-1.14963
2.18572	-1.33067
1.76381	-0.78187
1.67024	-0.648716
1.4959	-0.463845
1.38389	-0.434211
1.29082	-0.228134
1.03223	-0.0308784
0.891357	-0.0784774
0.92733	-0.143667
0.854432	-0.170798
0.730577	-0.0102846
0.795373	-0.0622641
0.857963	-0.105208
0.836324	-0.0506143
1.08398	-0.338412
1.00101	-0.237977
1.26459	-0.564207
1.50837	-0.715158
1.4553	-0.532963
1.8147	-0.789706
1.94468	-0.968432
2.19437	-1.33696
2.25191	-1.46111
2.37647	-1.67915
2.15732	-1.33879
3.39306	-3.34723
2.20736	-2.42704
2.70439	-3.33051
2.19414	-2.60695
2.53208	-3.1463
2.36285	-2.95933
2.39328	-2.96003
2.11874	-2.42922
1.99395	-2.18355
1.90463	-2.00535
1.56113	-1.27992
0.907999	-0.884409
0.953728	-0.621055
1.0181	-0.670727
2.35073	-2.24659
1.68055	-1.15488
0.188348	-0.344144
0.198186	-0.584655
-0.188024	-0.806654
1.05786	-0.8828
2.36308	-2.3651
2.70312	-2.7527
2.41185	-2.18167
2.96823	-2.84065
3.23677	-3.23133
3.30314	-3.3534
3.22317	-3.10346
3.10689	-3.93104
2.38698	-2.66432
2.87876	-3.51242
2.69199	-3.23835
3.35103	-4.17927
2.64279	-2.08792
3.4029	-3.28748
3.26231	-3.30577
2.62373	-2.45393
2.17264	-1.69526
2.02661	-1.42891
1.96702	-1.53489
2.0695	-1.80238
1.36293	-1.11174
1.00024	-0.641462
0.932344	-0.652242
1.12011	-0.447863
1.15334	-0.547824
0.624602	-0.401138
1.27207	-1.37789
1.21485	-1.10496
1.43034	-0.99069
2.28137	-2.37257
2.61456	-2.88333
1.31953	-1.04604
1.4776	-1.25743
1.5031	-1.18478
1.55956	-1.38955
1.10941	-0.764949
1.00688	-0.497748
1.24339	-0.932275
0.845496	-0.604026
1.01513	-0.786188
0.0937622	-0.171179
0.188818	-0.160271
0.0632331	-0.157605
-0.00186236	-0.0499884
-0.120789	-0.764179
-0.0386191	-0.865759
0.306475	-0.843502
1.60827	-1.95843
1.84263	-2.04228
2.12274	-2.21248
2.29035	-2.27493
2.09193	-1.67267
2.27119	-1.94346
2.03835	-1.66123
2.02063	-1.38869
2.27024	-1.6316
2.31166	-1.32789
1.92511	-1.06306
2.3343	-1.19174
1.94645	-1.17428
1.72488	-1.11762
1.45348	-0.669865
1.02756	-0.550328
0.730495	-0.380693
0.640846	-0.210256
0.936981	-0.336375
0.915354	-0.412753
0.818311	-0.194352
0.950449	-0.265824
1.04292	-0.379166
0.790697	-0.107069
0.837028	-0.0152505
0.95234	-0.0632634
1.01361	-0.230277
0.810481	-0.0828995
0.825007	-0.17867
0.704414	-0.0997229
1.03441	-0.494609
1.26396	-0.789665
1.01837	-0.331301
1.06661	-0.380756
1.00888	-0.306588
1.0062	-0.295089
0.7457	-0.0618278
0.958053	-0.257762
0.832463	-0.152182
1.05704	-0.36279
0.995459	-0.36442
1.01271	0.0260782
0.981551	-0.168106
0.760095	0.106627
0.930992	-0.168067
0.994694	-0.173045
0.808033	0.00740497
0.942002	-0.252665
0.847923	-0.406526
0.860773	-0.590856
1.39404	-0.978849
1.30661	-0.682803
2.57293	-2.42643
2.89898	-2.84791
2.73109	-2.46594
2.55408	-2.22678
1.9	-1.20809
1.72834	-0.968364
1.60538	-0.837524
1.3384	-0.5495
1.30467	-0.45031
1.13403	-0.308827
1.04282	-0.298053
0.679134	0.0841838
0.671891	0.0600611
0.508206	0.266903
0.556465	0.0977354
0.38795	0.139907
0.195075	0.286535
0.167159	0.267351
0.245738	0.190388
0.362276	0.0193496
0.504288	-0.155403
0.624786	-0.421805
0.535528	-0.521018
0.433491	-0.630621
0.354962	-0.650989
0.30698	-0.68521
0.306384	-0.756658
0.365649	-0.726855
0.498128	-0.746771
0.747974	-0.867142
1.17888	-1.2391
1.83208	-2.03496
2.38428	-2.72944
2.16119	-2.4725
2.07615	-2.26492
1.5199	-1.24973
2.33414	-2.32207
2.18342	-2.36798
2.00521	-2.32049
1.68322	-2.0376
1.87849	-2.23175
2.50923	-3.08979
2.59917	-3.20865
1.86811	-1.48417
2.60081	-2.16164
2.3042	-1.76993
2.25865	-1.69591
2.24272	-1.64808
1.85513	-1.09667
1.83275	-1.11684
1.60405	-0.879842
1.57259	-0.96306
1.54421	-0.966299
1.43552	-0.749534
1.26786	-0.489143
0.867272	-0.195622
0.44169	-0.248597
0.366962	-0.32585
-0.403421	0.00463763
-0.197313	0.122211
-0.0650607	0.0675183
0.447927	0.127974
0.544185	0.30919
0.488822	0.160697
0.729998	0.500309
0.446769	-0.149137
0.620292	-0.152988
0.806432	-0.43616
1.51625	-1.28756
2.33477	-2.30746
2.26653	-2.47247
2.75717	-3.48039
2.68001	-3.41682
2.30663	-2.85343
2.42512	-2.98657
2.37317	-2.74799
2.08941	-2.17882
1.63702	-1.51587
0.888946	-0.509297
0.765434	-0.585868
0.781434	-0.516892
0.684653	-0.210692
0.64741	-0.422276
2.53586	-2.03309
1.22839	-0.142089
1.30444	-0.257149
1.33475	-0.389404
1.54256	-0.704102
1.26388	-0.673689
-0.0459272	0.462688
-0.200944	0.180652
-0.0780588	0.191417
0.201089	0.289168
0.306821	0.351029
0.430592	0.244178
0.763796	-0.0333392
0.943017	-0.337387
1.20581	-1.06675
2.1031	-2.01841
3.13887	-3.24496
2.56083	-2.12562
2.85711	-2.8043
2.23066	-1.98292
2.05109	-1.92046
1.40043	-1.1519
1.1972	-0.802955
0.910434	-0.487434
0.634516	-0.232463
1.14851	-0.628702
1.11379	-0.539489
0.851982	-0.363133
1.38625	-1.28204
1.37894	-1.10372
1.21562	-1.16928
1.38406	-1.35743
2.02952	-2.20847
1.66046	-1.58016
1.87193	-1.82765
2.50161	-2.68048
2.92162	-3.44143
2.44316	-2.63465
2.66768	-3.12775
2.71386	-3.48039
2.55587	-3.10083
2.41142	-2.77841
2.21835	-2.27091
1.15542	-1.0709
0.365983	-0.379276
-0.171493	0.131912
-0.0922881	-0.0669367
-0.20923	0.251505
0.172286	-0.0590749
0.119949	0.364359
0.502313	0.413584
0.52274	0.0717941
0.615229	-0.264265
0.424628	-0.47145
1.94301	-1.55921
2.45124	-2.07516
2.882	-2.46762
2.65241	-1.80176
2.58009	-1.66045
2.38372	-1.67325
2.27824	-1.49085
2.1266	-1.24209
2.36541	-1.85364
1.16224	-0.600397
0.1217	0.0580009
-0.0235971	0.343028
0.385268	0.585986
0.57503	0.776212
0.617548	0.807378
1.14011	1.13982
0.994542	0.732129
1.14012	0.794251
1.31953	0.892484
0.965558	0.398941
1.17084	0.423139
0.951108	-0.310577
1.20325	-0.66061
1.38585	-1.14356
1.1959	-1.10533
1.15248	-0.80268
0.923836	-0.336511
1.21916	-0.365561
1.59175	-0.807293
2.20352	-1.76862
2.19692	-1.79038
2.71705	-2.29979
3.04351	-2.91334
2.85942	-2.68176
2.27571	-1.8978
2.12175	-1.71451
2.02543	-1.45061
1.91072	-1.18719
2.27688	-1.75928
2.39075	-1.70462
2.18251	-1.29598
1.93025	-0.989825
2.51148	-1.89165
1.99864	-1.41805
2.0163	-1.71647
2.02781	-1.7448
1.68898	-1.83464
1.71916	-1.93484
1.60439	-1.93206
1.71931	-1.71894
1.53934	-1.1805
1.75849	-1.59331
1.48045	-1.51873
1.51582	-1.82325
1.27518	-1.3523
1.51378	-1.56345
1.37059	-1.27178
0.946736	0.259709
0.841805	0.0440531
1.15819	-0.153951
1.15489	-0.0854046
1.23119	-1.0643
1.83747	-1.60482
2.39557	-2.56801
2.05314	-1.98296
2.22017	-2.12364
2.17173	-1.87454
1.55848	-1.34462
2.19807	-2.63473
2.1901	-2.58848
1.93941	-2.13541
0.90094	-0.74224
1.4134	-1.27911
2.18665	-1.81258
2.50042	-1.9478
2.63796	-2.39631
2.85731	-2.70092
2.0936	-1.54715
1.34639	-0.970759
2.51433	-2.62275
2.88393	-3.0749
2.06761	-1.83057
1.40476	-0.931159
1.24353	-0.743477
0.934925	-0.506803
0.7638	-0.294907
0.646369	-0.00270194
0.856814	-0.185008
0.84823	-0.236197
0.572843	-0.185523
0.527191	0.0429891
0.981453	-0.273966
1.38536	-0.585912
1.31617	-0.553692
1.26602	-0.587799
1.35092	-0.798916
1.39428	-0.994097
-0.448175	0.198544
-0.449845	0.132445
-0.189509	0.219446
-0.0864002	0.511864
0.0641227	0.380506
-0.113869	0.304888
0.631526	-0.339495
1.01598	-0.472897
1.40436	-0.664973
1.33331	-0.7414
1.17996	-0.399569
1.0694	-0.438493
1.11182	-0.741817
0.969774	-0.550603
1.0148	-0.581115
1.38066	-0.759898
1.89642	-1.19695
1.92169	-1.12603
2.04764	-1.48307
2.06654	-1.73576
2.60778	-2.7119
2.0161	-1.75101
1.99859	-1.86386
3.25442	-3.79817
3.46924	-4.01605
2.36658	-1.94711
1.63923	-1.16858
1.33555	-1.02626
1.33504	-1.07996
0.981832	-0.701535
0.907106	-0.429902
0.878011	-0.47394
1.03834	-0.788812
0.962433	-0.551904
1.29164	-0.730995
1.62536	-0.858303
1.32996	-0.584757
1.97633	-1.5104
1.75116	-1.31118
0.778156	-0.20716
0.974214	-0.49182
1.37194	-1.1953
0.803243	-0.605686
0.819644	-0.345359
0.82873	-0.141942
0.755402	-0.141903
0.701139	-0.267087
1.0436	-0.804485
2.3834	-2.5127
2.74721	-3.19452
2.18417	-2.38137
2.59472	-3.10208
2.29346	-2.62125
2.47884	-2.89151
2.60676	-3.00547
2.84939	-3.4416
2.51339	-3.28812
1.97185	-2.45632
2.18757	-2.65471
1.8062	-1.79121
1.50978	-1.32186
0.363499	-0.439821
0.482493	-0.131029
0.450394	-0.138283
0.371154	0.0814577
0.538864	0.541708
0.440986	0.363049
0.26608	-0.125111
1.05376	-0.561416
1.26616	-0.979157
1.26597	-0.952241
1.30143	-0.792984
1.96843	-1.22208
2.27125	-1.71362
2.79922	-2.70595
2.34453	-2.05487
2.13597	-1.77565
2.22376	-1.95145
1.90661	-1.49299
1.7101	-1.2776
1.34619	-0.905889
1.15764	-0.866753
0.819468	-0.816895
0.475787	-0.831862
0.232105	-0.847863
0.341138	-0.738718
2.55084	-3.25268
2.61865	-3.33
2.2439	-2.73299
2.25491	-2.65482
2.06558	-2.29233
1.20425	-1.09864
1.12532	-0.981211
1.12769	-0.870758
0.948907	-0.754833
0.645461	0.0186869
0.899554	-0.148925
1.46567	-1.21106
1.77979	-1.41681
1.59252	-0.936518
1.59092	-0.82132
2.09603	-1.49371
2.86641	-2.8565
2.78328	-3.04989
1.61839	-1.61367
2.27065	-2.6154
2.9514	-3.63679
3.03714	-3.46899
2.8309	-2.82217
2.63006	-2.39683
2.38205	-2.04317
2.18134	-1.8982
2.07477	-1.69587
1.71408	-1.22295
1.76081	-1.23939
2.07209	-1.55303
2.08815	-1.49546
1.91696	-1.23514
1.81148	-1.11976
2.21805	-1.83091
2.33743	-2.07465
3.02039	-3.1046
2.84446	-3.35285
2.44016	-3.093
2.80002	-3.72363
2.43601	-3.1497
1.9209	-2.17725
0.728588	-0.833208
0.36129	-0.7264
-0.0332943	-0.740622
-0.0982193	-0.807306
-0.175372	-0.911466
-0.169606	-0.972427
-0.0387189	-1.00968
0.276136	-1.02978
0.771355	-1.22831
1.14625	-1.32426
1.70694	-1.7424
1.96498	-1.80855
1.95458	-1.57717
2.32592	-1.90851
2.88524	-2.78495
2.41476	-2.41541
2.35775	-2.50525
1.2061	-1.04071
2.24015	-2.40815
1.70021	-1.53263
1.41257	-0.882687
1.20845	-0.475441
1.31369	-0.541969
1.08498	-0.174807
1.1183	-0.104767
1.15299	-0.217784
1.32199	-0.584989
1.71752	-1.30708
1.87784	-1.76073
2.19541	-2.27648
2.28565	-2.36786
2.08233	-2.49366
2.3241	-2.91815
2.11761	-2.66175
2.05853	-2.57729
2.16574	-2.73832
1.6505	-1.96531
0.51138	-0.593798
-0.079629	-0.500119
-0.119482	-0.797043
0.0312523	-1.00816
0.222747	-0.963557
0.390439	-0.91099
0.534336	-0.785189
0.65837	-0.704575
0.816246	-0.682903
1.19536	-0.987585
1.32299	-0.908119
0.894613	-0.278653
0.258311	-0.276169
0.0904564	-0.22226
0.26732	0.0947806
0.215291	0.114979
0.271896	0.370654
0.621073	0.683704
0.532542	0.629963
0.432196	0.34525
0.532811	0.236568
0.590458	0.0231274
0.664192	-0.226801
0.92219	-0.551323
1.3076	-1.01066
1.62601	-1.26166
1.39681	-1.34727
0.842396	-0.683785
0.925074	-0.64796
1.16815	-0.813139
1.61789	-1.34788
1.4142	-1.36394
1.4175	-1.53946
1.06186	-1.2481
1.19296	-1.51362
0.979595	-1.46784
0.627718	-1.19065
0.548294	-1.08865
0.551806	-1.08875
0.523488	-1.00564
0.724645	-1.09161
1.17546	-1.54151
1.24221	-1.33493
1.42173	-1.50953
1.30667	-1.21904
0.889337	-0.797057
0.949547	-0.47992
0.98759	-0.591394
0.895236	-0.926442
0.751034	-0.723229
0.941491	-0.656579
0.596299	-0.191867
0.826787	0.260945
0.77604	-0.452262
0.539398	-0.474649
0.460284	-0.263488
0.250054	-0.788233
0.44667	-0.885902
0.0215666	-0.808027
0.331754	-1.0106
0.516353	-1.0659
0.73007	-0.864622
1.25798	-0.881955
0.706263	-0.437438
1.11746	-0.573691
0.856608	-0.2801
0.786292	-0.166838
0.950363	-0.391286
1.41546	-1.20407
1.25757	-0.803383
0.752938	0.149423
1.20828	-0.411593
1.8846	-1.5483
2.09547	-1.71196
2.06678	-1.74238
2.13915	-1.55192
1.76236	-1.23072
2.23997	-1.61075
1.77173	-1.04644
1.94293	-1.19493
1.51521	-0.729643
1.59342	-0.892365
1.23834	-0.608092
1.17466	-0.558611
1.19809	-0.588157
1.28727	-0.52188
0.763867	-0.0870917
0.937749	-0.327815
1.0921	-0.414812
1.05271	-0.283708
0.844278	-0.242233
