-0.2557	-10.2056
-0.626096	-1.30146
1.58999	-0.820877
-0.929806	-2.49506
1.04213	-3.05496
-3.25327	-3.98103
-2.44628	-4.94262
-3.33152	-2.93208
1.21698	-1.20072
1.9752	-2.34077
-1.87211	-5.33999
2.21074	-2.02452
1.06532	-3.39358
0.330934	-3.42721
3.48636	-0.486157
-4.16492	-8.58865
-7.75571	-11.8676
-8.988	-9.05876
-6.50525	-13.7311
-7.20438	-12.9574
-6.46462	-12.4159
-5.18862	-12.5606
-5.08191	-11.4485
-1.96541	-10.6747
0.577452	-7.19275
0.616124	-7.71311
0.827337	-7.72221
1.87279	-7.71931
2.28724	-7.51843
2.7823	-8.00275
4.51058	-8.87407
4.37601	-8.25779
4.91329	-8.55128
5.31279	-8.54874
6.16283	-9.02734
5.58973	-9.65564
3.46407	-6.13356
2.29121	-10.5025
2.79827	-14.489
2.13914	-15.7952
1.94972	-17.1734
2.21481	-18.4368
1.42702	-18.9225
-0.137842	-18.583
-0.291552	-18.7642
-0.767197	-17.5978
0.41804	-17.6436
2.42168	-11.0562
1.56333	-14.847
1.52039	-17.1777
0.971874	-17.2153
-0.526388	-16.3181
-1.3031	-15.9292
-1.4536	-15.4898
-1.22105	-14.6332
-0.976529	-14.9153
0.0173202	-16.2654
3.84021	-16.1922
5.02515	-13.0086
1.74939	-8.78573
0.639125	-10.2832
0.97615	-12.6571
0.430664	-12.8792
0.193034	-13.4582
0.944759	-12.8799
2.49225	-13.5475
2.22535	-12.3048
3.56909	-7.81531
2.07809	-7.01323
1.23046	-8.88603
0.602417	-8.20817
0.207729	-8.9553
0.772883	-9.96406
0.71382	-11.2233
0.863475	-13.0676
-0.516099	-12.0401
-1.2124	-11.2846
-3.13882	-5.83134
-3.64783	-4.98385
-1.24388	-6.09234
-0.288077	-10.0724
-1.05254	-9.94458
-1.10604	-11.8674
-0.743616	-12.9439
-2.11682	-12.8209
-2.20708	-13.6417
-1.03557	-15.4414
-0.081421	-15.6331
0.888425	-13.9328
1.74735	-12.9249
-1.43874	-10.0443
-1.61466	-7.03614
-1.32431	-7.85297
-3.23452	-5.85792
-3.63019	-3.64369
-1.45431	-4.28788
2.32048	-4.70008
1.70446	0.173967
-2.32579	-3.5311
-7.10477	-3.1236
-2.42173	-1.15485
2.73548	-2.22591
-1.59073	-6.86364
0.648971	-7.86653
3.90966	-3.91562
3.26466	-9.8164
3.12708	-9.86562
2.75801	-8.62837
-0.5931	-7.70548
-1.57396	-7.89294
1.96464	-10.538
3.10514	-12.3362
1.97199	-11.4062
0.511511	-7.85856
0.740996	-5.94439
1.76623	-6.26617
4.16573	-2.00478
1.30246	-0.487346
-0.89387	-3.69788
-6.91117	-7.65074
-6.20776	-2.60638
-5.45716	-1.23764
-5.39541	-1.16514
-9.92221	0.810952
-7.5925	-3.36723
-7.64505	-8.21094
-2.11558	-5.95482
-1.68011	-11.3074
2.17048	-5.45252
2.36927	-3.64895
1.94749	-4.87258
1.3064	-3.62022
3.08623	-1.91115
1.26016	0.339473
4.64003	-1.37155
3.14205	1.86851
2.23636	-0.139735
0.564194	-5.41094
2.36855	-7.21417
1.53095	-10.8796
4.90395	-9.03141
5.55114	-2.37487
0.532774	-2.13902
-1.42878	-9.81446
-0.119596	-14.7132
-2.23389	-13.7919
-2.05845	-14.4278
-1.7485	-14.7962
-0.613161	-14.813
-1.20297	-14.1065
-3.81685	-11.5268
-4.7023	-9.16394
-5.27768	-6.49794
-5.34856	-4.13971
-4.09769	-2.47315
-5.88206	-0.111986
-6.57156	1.37965
-7.37504	0.801742
-7.80995	0.0966119
-9.13224	-1.11136
-5.67389	0.946372
0.646075	-1.81833
0.94359	-1.11601
-0.971175	-4.0034
2.28403	-1.76151
4.07397	-2.65044
3.06353	1.82018
2.45921	1.48754
1.96748	-2.73156
3.60437	-4.82156
3.65771	-2.29747
3.47788	-5.98758
8.44186	-2.03389
6.72157	-3.65267
3.89815	-8.05059
-0.464242	-7.26485
-1.69536	-4.38546
-1.28078	-3.4228
-0.564884	-0.496564
-0.936348	1.8665
-4.3498	0.0548531
-2.52297	-0.494615
-5.5229	2.66679
-2.11167	3.10638
1.06319	3.28796
-0.98881	1.24521
-1.49744	3.24929
-1.30319	4.86001
0.995574	6.15594
1.60128	4.08002
3.32092	3.60399
2.70958	2.45338
2.16932	4.99997
3.75828	0.379878
2.70352	-1.29575
2.36425	-3.47829
-2.60488	-2.98511
-0.281211	0.157037
2.7211	-1.73075
1.89104	-1.41999
-1.28613	-4.61025
-2.29043	-4.52659
2.72908	-1.33365
-0.669637	-3.72907
0.709499	-2.67173
-0.792046	-1.05934
-1.91259	-4.74759
0.161962	-1.02163
0.920329	-2.85721
1.20341	-0.71119
0.777199	-4.5385
2.69621	-4.74364
3.75067	-4.86013
1.23165	-5.36809
2.22636	-3.79634
2.56799	-3.04792
-1.30044	-5.99492
-5.58284	-12.1141
-0.96585	-10.4917
1.84286	-14.1063
-1.8762	-13.0452
-0.233188	-8.49868
-2.21184	-3.29725
-1.81379	-5.95337
-1.67712	-8.93065
-2.56417	-10.3471
-2.77639	-10.9339
-2.83769	-12.2313
-1.58714	-13.9474
-1.82656	-14.4385
-0.962736	-15.4537
-0.212664	-16.4879
0.197907	-17.4757
0.534501	-17.6021
1.11823	-17.2429
2.7532	-17.2207
3.55993	-16.1928
2.55941	-15.3137
2.73849	-15.2866
2.38477	-14.3518
0.961304	-14.9361
0.175493	-15.702
-0.431469	-17.0436
-0.764906	-18.3368
-1.21302	-17.5638
-1.71105	-13.3119
-3.06376	-8.70219
-6.09042	-5.4246
-9.03739	-3.76348
-9.99829	-3.70699
-10.9428	-4.53044
-8.74664	-6.21113
-3.61093	-8.25317
-1.54061	-6.54624
0.106266	2.62401
0.645047	-4.77315
-1.62443	-4.5972
-0.440598	-6.14869
-1.29327	-3.40196
0.149046	-7.52717
1.38642	-10.2005
0.929002	-11.5166
0.140812	-12.0415
-0.67113	-12.5601
-1.66993	-12.4854
-1.70599	-12.4729
-2.49662	-11.1792
-2.541	-9.29242
-2.7482	-8.23397
-3.03606	-7.00678
-3.21884	-5.60983
-2.68582	-5.47914
-2.481	-5.54335
-2.88428	-5.31169
-2.95683	-4.72181
-2.85534	-4.93902
-2.41591	-6.25595
2.03126	-9.0333
5.74289	-7.5812
5.21969	-8.42751
6.0637	-8.82636
6.47751	-10.2547
6.60011	-9.74641
6.07332	-9.92314
0.70054	-7.50324
1.14138	-7.87894
1.82144	-10.1887
2.38027	-11.2123
4.28792	-11.6666
5.26508	-10.1765
4.85553	-11.2933
4.00298	-11.3714
3.73071	-12.1609
0.784617	-10.1653
0.690239	-10.0307
4.04275	-8.82537
5.75026	-9.52841
1.51208	-8.2097
1.21268	-5.97213
5.49728	-3.64096
4.43751	-4.94918
0.0841187	-9.91962
0.787263	-10.7407
1.98453	-12.4871
2.76077	-14.3296
0.482015	-12.066
0.0729772	-11.0326
0.587384	-11.0402
-0.790452	-8.3088
3.63313	-3.91954
3.56342	-2.80102
2.27604	-3.23801
4.84617	-4.47107
0.700853	-7.05301
0.597367	-7.58641
4.39218	-5.45327
-1.83231	-6.12225
-3.66374	-4.97671
-4.14803	-5.02286
-4.10042	-5.25042
-2.85703	-5.01063
-0.657271	-2.35598
4.83247	-0.905331
4.65504	-6.68875
3.27371	-3.71358
-2.79911	-10.4172
-2.91046	-9.86605
1.40243	-4.18046
3.29555	-3.20188
0.230941	-7.82352
-2.89872	-6.41296
0.0555135	-10.7709
-3.77129	-6.36646
-1.67739	-7.87282
-2.85783	-5.50204
-3.25658	-2.67944
-4.8495	-2.34408
-7.12429	-2.36371
-8.71156	-3.5522
-8.24474	-4.45159
-10.3814	-3.71827
-6.06678	-7.45906
-4.60345	-7.02325
-3.12138	-2.84353
0.158346	-7.52841
-4.14411	-8.56798
-0.10723	-10.4125
-1.50938	-8.49899
-0.582362	-9.63909
-3.44637	-8.35692
-1.31537	-6.2527
-2.79596	-1.20558
-2.54007	-1.22359
-2.73923	-4.82872
-3.74574	-6.60181
1.53434	-4.04397
-2.35147	-5.5114
-3.73948	-5.64744
-4.22523	-4.23334
2.42674	-4.93581
0.106898	-7.28115
1.35517	-5.72643
-0.307913	-6.68505
1.1725	-7.37285
3.41457	-8.10964
4.15054	-11.2947
5.50351	-12.4472
5.51242	-11.7481
3.91661	-13.7461
2.66146	-12.9986
-1.90244	-10.8567
-5.74541	-9.07654
-6.43259	-7.96497
-3.64071	-10.9876
0.87609	-10.9881
1.70076	-10.7832
3.00861	-11.5828
3.14366	-10.5732
2.60186	-9.46798
3.48096	-9.5304
2.48822	-4.47533
2.12014	-4.40416
4.00883	-4.74431
2.52035	-4.92829
3.56724	-1.7581
-2.02691	-5.18474
-1.21058	-5.36023
2.26859	0.142708
1.37098	2.96193
-3.34543	-5.00185
-6.24131	-6.65581
-4.26406	-7.81889
-0.404369	-5.96998
2.21587	0.508438
3.53437	2.88286
-1.78165	-0.928368
-1.30692	-5.47254
-1.65956	-2.82102
-0.52138	-1.55339
1.33601	-0.40709
1.08154	-2.5794
1.17777	-7.75275
0.311247	-8.11808
-4.16273	-9.32662
-1.62557	-7.28897
2.98073	-0.0386443
0.864926	-5.30734
-1.00088	-6.75823
-0.416448	-6.31122
-1.18479	-5.16082
-0.374203	-5.18241
-0.997425	-3.92336
-0.663754	-4.15576
-1.09696	-4.17554
-0.790817	-4.58554
0.468664	-6.07451
4.32133	-8.93319
4.17914	-10.0068
3.76089	-8.67033
4.2711	-5.38051
3.62719	-6.05484
2.42477	-6.1242
2.93058	-6.20782
3.49887	-7.01274
2.98742	-6.53385
4.14498	-2.7833
6.77623	0.0229918
9.57239	2.51311
6.89668	1.20396
7.44338	0.899543
1.14551	-1.92995
0.575777	-2.16929
2.24683	-3.34184
-0.42876	-5.3675
1.52733	-1.69589
1.01259	-1.32081
-1.33225	-2.75545
-0.108026	-5.21716
0.0602398	-3.11036
0.0073358	-3.26633
-0.8908	-3.49421
-0.663219	-12.9416
0.214993	-12.6859
0.347239	-16.6445
-0.104668	-16.2571
0.409109	-14.3972
-1.51911	-12.6849
-0.41959	-10.8378
1.01195	-4.3157
0.312193	-3.00943
0.360337	-2.49431
-3.36394	-5.67204
-3.23992	-3.8804
-0.539987	-5.03941
-4.9343	-3.26293
-2.85402	-2.16915
-2.25559	-5.26415
-3.16695	-2.28456
-0.157883	-1.29574
-1.45924	0.526134
-2.07772	-2.37959
-3.84651	-6.42717
-5.8082	-4.77779
-5.93526	-4.83685
-5.44224	-5.35096
-5.69911	-5.02121
-5.8284	-3.5913
-4.3465	-5.25461
-3.56777	-7.02593
-2.19684	3.23387
-2.19786	-0.0284398
-0.850753	1.94328
-7.02332	-3.45385
-3.34323	-2.30514
2.40913	-2.10161
-1.69712	-8.98275
1.27631	-11.4589
3.77373	-13.1609
3.19765	-9.71213
5.09924	-7.29231
7.35978	-9.37392
5.47752	-8.80139
6.43872	-7.76683
4.53146	-6.52176
2.23677	-5.6317
2.90535	-5.03246
1.89247	-3.46361
-0.488832	-7.38441
-1.54173	-7.97568
-1.9541	-7.74326
-3.61987	-6.08588
-3.48527	-6.13924
-4.319	-4.36442
-5.18795	-2.7108
-2.03106	-1.3995
1.779	-1.7193
0.708138	0.109066
-4.02905	-5.15501
-10.0923	-2.8046
0.201348	-5.92795
-5.8906	-12.2367
-5.24103	-12.6042
-6.05927	-11.4428
-5.91415	-9.33258
-5.81274	-7.07365
-5.822	-5.54754
-3.45685	-4.96123
-2.41394	-2.18384
-1.72077	-1.5371
3.51281	-0.688482
3.02116	-1.02301
3.42769	-1.69676
0.107665	-4.72774
-0.0118984	-5.26929
1.78736	-8.82872
0.0947763	-10.8329
3.37244	-12.6238
4.33747	-9.89449
4.60935	-12.1794
1.83121	-13.929
1.48906	-14.5504
2.27518	-14.8293
2.05127	-15.2782
2.6702	-14.2623
2.82806	-10.2747
1.22145	-4.87241
-2.19575	-0.930344
-2.66774	-2.86878
-5.07218	-4.05107
-6.66534	-3.38535
-6.89194	-6.03501
-8.76234	-4.7151
-6.473	-3.96069
-5.51873	-3.86196
-2.99312	-6.00682
0.318501	-9.04041
1.27513	-0.93059
3.27534	-5.2503
-0.464851	-3.52228
2.30551	-0.117499
0.34503	-5.94552
-3.18309	-7.54855
-2.403	-8.71422
-1.9727	-9.94848
-0.0286619	-11.75
0.433116	-13.3507
1.07092	-14.881
1.46303	-16.264
1.78049	-17.8201
1.74057	-16.5737
0.89998	-14.4494
0.637233	-12.2466
0.527006	-10.2679
2.7728	-9.43734
3.65449	-9.45786
4.76051	-11.8086
5.2298	-12.4907
4.46892	-11.2973
3.0434	-10.1597
2.62154	-9.91615
2.95544	-7.7134
2.52508	-7.69819
3.2678	-9.91827
2.40599	-7.67301
-0.137033	-4.16649
3.70579	2.37703
-5.95752	-1.84416
-5.08439	-4.50034
-6.87455	-3.4974
-8.08062	2.37494
-8.42003	1.25446
-10.7401	0.251826
-5.68196	3.38601
-9.01329	-3.15028
-6.65954	-3.07925
-0.10325	-0.149008
3.35569	0.362826
0.633863	-0.702509
-2.12488	-2.73012
-2.86086	-2.20154
-2.31458	-2.88368
-1.89451	-2.12228
-1.89422	-2.95748
-1.48199	-1.88416
-1.80663	-3.24804
1.07207	-0.958926
-0.639071	-2.24323
0.398362	-1.28034
-0.940299	1.62733
-1.9734	1.7891
0.178868	-0.471503
1.95198	2.72292
1.7208	4.68652
4.47598	4.77674
4.77864	5.22519
4.57025	4.55521
7.48729	-0.937363
1.30811	-0.603495
1.50475	-0.0269037
3.46887	-0.920104
-0.179023	-3.02963
2.9393	-1.98034
1.41416	-3.7558
2.59867	-2.143
0.623774	-2.74118
0.830322	-4.40087
1.74549	-3.06366
-0.714034	-4.11836
-1.15946	-4.1992
0.13813	-4.15967
1.81385	-3.43472
1.12293	-3.33916
-2.3761	-5.42742
3.2749	0.0932643
7.92075	0.452011
6.50754	-4.97599
2.52108	-6.82714
3.92904	-7.76332
5.35404	-9.02687
5.4527	-6.48987
3.63365	-4.5803
2.72691	-6.39458
7.4888	-11.606
6.70881	-14.755
7.95769	-13.1318
6.98023	-11.6043
4.0677	-10.5984
0.436536	-8.50096
2.7288	-9.05662
2.24788	-4.09573
1.40193	-1.36808
0.269001	-1.21083
-3.40858	-5.81383
-3.92218	-4.03605
-5.66767	-5.52868
-6.64644	-7.27848
-5.52926	-7.47166
-4.51449	-8.01196
-5.4938	-10.0384
-0.0948303	-9.9714
2.62129	-14.0914
2.38909	-16.9669
1.47563	-16.8624
1.94171	-17.294
1.74284	-16.6226
1.69065	-16.6866
1.85938	-17.1886
1.70441	-16.5232
1.51956	-15.5087
1.90853	-13.2527
3.68403	-9.70778
3.61522	-10.0993
4.0204	-12.7506
3.09242	-13.0184
2.80253	-11.8396
3.94137	-12.5728
2.79644	-12.4859
1.28122	-13.0634
1.76838	-13.3633
-0.307108	-10.7601
-1.14261	-7.35087
-0.856103	-7.22094
-2.38744	-4.49002
-1.26715	-4.0143
1.76897	-8.50388
2.03628	-10.0385
3.42676	-8.88013
-3.03789	-3.54182
-3.16293	-2.30415
-4.81547	-2.57383
-1.93407	-8.58488
-1.88443	-11.5796
-2.42398	-11.2399
-2.29415	-9.84822
-1.88924	-8.99062
-1.56372	-7.86927
-2.28728	-6.70643
-3.70806	-4.99049
-6.05916	-4.5077
-3.74922	-8.05655
2.65911	0.937329
-0.576217	-7.21338
1.49919	-11.0907
-2.99495	-8.66204
-2.52642	-9.87076
-2.26409	-10.3454
1.13905	-5.50869
2.87063	-12.2694
1.0437	-15.7963
-0.391524	-16.2916
0.101972	-15.8322
2.93868	-14.2053
4.83775	-16.4711
2.38998	-8.85172
5.14995	-3.10184
2.72085	-4.4014
2.50699	-10.2062
1.51257	-8.75953
0.180752	-13.3627
1.60701	-9.4623
1.10342	-10.0571
-0.610532	-8.53675
-1.05143	-7.21343
-2.05283	-6.09234
-3.31768	-6.19061
-0.417548	-9.45
4.01736	-7.08605
3.64469	-6.51676
4.04711	-6.74585
3.52166	-7.33972
3.53015	-8.96098
2.65182	-8.39726
2.71073	-8.71727
-0.468745	-9.1326
-2.23808	-11.6005
-3.72364	-12.1008
-4.85998	-10.1204
-4.03641	-10.163
-4.52143	-8.5049
-1.78538	-8.1245
2.12814	-7.35494
5.7907	-8.96056
6.51534	-10.4409
3.85534	-8.72372
3.1187	-6.54732
2.14324	-5.07987
4.61077	-5.5113
5.57988	-6.2316
5.22537	-2.95789
7.58343	1.27866
5.68711	0.182347
6.70464	-2.11382
3.17574	-5.23669
5.06424	-3.60428
-2.0049	0.496521
-5.84521	-6.46611
-3.19509	-8.04995
0.56603	-8.95058
1.35323	-15.2851
0.950645	-17.0704
3.2202	-19.9682
2.598	-19.7003
3.12488	-19.5002
3.44727	-17.021
3.3273	-13.0825
4.71875	-7.04586
3.5628	-5.84611
1.9297	-8.43516
0.674118	-10.2847
-1.38309	-7.32136
1.20234	-5.57473
-1.81196	-9.44215
0.360469	-5.75767
-3.41883	-8.31176
-2.17685	-8.09939
-2.33761	-8.2394
0.789087	-9.46036
-1.78317	-9.9578
-0.7195	-11.5808
-0.238968	-12.0794
-0.252445	-11.0805
-2.7198	-7.88947
-5.61409	-6.37586
-0.649918	-5.39039
-2.51889	-4.97859
-6.63836	-7.06117
-2.56726	-4.3023
-3.39348	-3.56266
-6.39066	-5.57758
-5.22726	-6.92702
-2.00523	-3.24446
-2.80901	-5.7327
-3.8033	-4.91574
-2.2778	-1.18916
-2.65928	1.99387
-2.49404	1.67376
-5.23669	-4.91608
-2.63102	-1.27151
2.30301	-8.15242
5.80632	-4.57061
3.18606	-2.42167
5.59321	-4.9854
-0.456445	-7.3988
-2.08512	-9.11034
-4.57221	-6.95964
-7.15651	-5.30931
-8.36125	-3.94755
-9.91749	-2.29125
-10.506	-1.37981
-7.60846	-5.50483
-7.94841	-5.79258
-8.11297	-5.56533
-8.67716	-5.55832
-8.61523	-4.23168
-8.92212	-3.21028
-7.92938	-2.34714
-6.49892	-2.27846
-4.41144	-2.60785
-4.45263	-4.18138
-3.96206	-0.787924
-3.03937	-3.20391
-1.78769	-2.81779
-1.65063	-1.84944
-2.00876	-3.75924
-1.48684	-4.69635
-1.45814	-7.3818
0.173439	-9.03673
-1.27132	-9.36543
-0.0145649	-1.63473
-2.03738	-3.25367
-3.55166	-3.64514
-2.73216	-1.26795
-3.91456	-2.41416
-3.21325	-5.37352
0.502072	-3.03418
-2.4546	-2.69439
-1.51714	-1.96269
-3.52084	-3.26451
-1.2232	-2.47558
-6.05926	-4.09356
-8.02804	-4.50692
-5.02569	-8.28232
-5.10396	-2.40075
-8.72718	-3.46936
-4.95603	-3.27976
-8.10427	-2.60888
-6.37535	-1.40514
-7.58165	-6.31551
-7.01161	-5.31353
-8.06081	-5.0104
-4.90917	-1.89668
-4.29649	-2.3217
-3.87172	-1.56342
-4.09928	-0.459854
-0.65248	0.993453
-4.8888	-3.54538
1.73606	-3.66649
-1.27216	-6.52256
0.486357	-0.437337
-1.06068	-4.97727
-2.10727	-6.49562
0.797273	-3.26421
-0.306163	-2.63415
0.727705	-2.5244
1.36067	-1.57062
-0.98784	-0.467144
-0.57803	-2.91863
-3.63757	-2.11905
-0.542672	-4.54661
0.287211	-3.59204
0.789001	1.22209
2.95207	-1.20911
-0.581901	-0.203106
-0.492672	-2.27986
-0.168667	-4.34901
1.18326	-0.287646
3.48463	0.53768
6.56283	-1.21202
2.27302	-7.07822
3.68704	-7.74559
-0.223208	-1.20734
-2.16496	-2.36835
0.17782	-5.60418
-1.91144	-6.22436
-3.6235	-5.82794
-5.23412	-4.14234
-5.11658	-4.86317
-6.7658	-3.73281
-6.48781	-4.19954
-3.303	-7.84918
-1.04552	-2.952
2.15423	-1.54062
-1.12665	-2.05446
0.790026	-2.85382
0.25722	-2.28978
-2.78907	-1.02506
-2.12623	-1.81489
-0.962288	-2.70176
0.172423	-2.43267
-0.340598	-3.48459
-4.4154	-3.57619
-5.29571	-4.03291
-5.40859	-1.77965
-4.40668	-1.82829
-2.45198	-3.34339
-0.589386	-5.80177
0.920351	-7.32681
0.590189	-6.6072
2.827	-8.95749
1.82301	-7.6948
1.47788	-8.28348
-0.544261	-7.94461
3.05871	-9.21742
-1.44694	-7.11252
-2.00387	-8.0074
-1.95697	-6.37736
-2.92758	-3.94123
-2.20858	-3.39838
-4.46892	-3.57848
-1.58622	-4.35889
-3.96128	-4.48272
-4.07198	-1.8415
-4.03362	-3.80319
-3.33874	-4.70681
-5.50716	-3.99279
-5.85001	-5.24591
-6.21681	-4.72085
-6.5177	-4.90403
-4.66966	-7.30284
-4.6489	-7.78895
-3.52759	-6.1701
-1.19298	-2.16851
-5.04256	-1.99635
-4.8768	-2.33582
-10.1867	-0.184719
-8.61191	-2.44004
-5.21413	0.32095
-6.21478	1.00328
-3.5612	-2.48797
-6.54865	-2.46535
-6.22454	-2.81674
-3.47042	-3.89406
-0.235425	-2.96046
-0.331327	-0.944511
-4.11935	-1.21065
1.7226	-3.47544
-0.98881	-7.58448
2.25055	-10.0625
2.49104	-10.5281
0.748094	-9.69252
-0.147837	-10.4588
0.143182	-12.8321
-1.1229	-12.3622
-2.89547	-11.0844
-3.50449	-10.5202
-3.99661	-11.5001
-4.4283	-10.173
-3.78838	-9.49728
-2.09711	-11.1925
-1.25084	-10.7202
-0.218118	-8.50544
-0.267403	-5.45972
-0.810222	-6.05076
-1.31413	-6.29112
-0.034271	-6.47322
1.19343	-9.0828
1.83115	-7.59236
1.55042	-5.01561
-0.207736	-5.97441
-1.18294	-3.67804
-3.86438	-3.83036
-5.32129	-4.34511
-6.34133	-4.06666
-6.71281	-3.35933
-5.68355	-4.76106
-4.32391	-6.55921
-6.98316	-4.86612
-6.95159	-5.80473
-9.83975	-6.11198
-11.1656	-8.55236
-8.55391	-10.9694
-8.77362	-8.14424
-6.92212	-8.88534
-7.67572	-11.3594
-6.93648	-11.5888
-9.16573	-13.7643
-10.107	-7.49612
-8.80776	-5.06012
-5.91814	-4.66525
-2.73862	-4.81962
1.21284	-6.07801
2.40407	-8.59965
2.00716	-10.6437
4.30356	-14.8218
3.36082	-7.7236
1.30561	-6.24676
0.337493	-4.30957
-0.676763	-3.39346
-0.20292	-4.25323
0.970582	-9.43293
2.16252	-12.55
2.08473	-13.4751
2.97704	-13.4524
3.68127	-12.6288
4.08649	-11.4118
0.740018	-7.01376
0.258838	-7.3303
0.549165	-3.9516
0.344903	0.145139
4.01341	-1.20718
3.6911	-0.678652
1.19163	-0.525433
0.511019	3.55319
1.74302	1.90031
2.43254	-2.58446
-1.29962	1.42024
-3.43965	1.20666
-1.51254	-0.245164
-0.490743	-4.32969
3.33557	0.482924
2.14322	-3.0785
1.76696	-2.89979
0.519956	-3.56486
-0.0364108	-2.10019
1.24441	-4.95542
1.66163	-1.99885
-0.479968	-2.72476
1.06922	-2.88718
4.34072	-3.71775
2.1274	-3.16122
3.28312	0.202472
2.1812	-4.37253
1.67274	-2.75648
1.63789	-3.15948
1.98823	-3.56861
0.784158	-2.82169
2.58392	0.628668
4.85444	-1.43714
3.38098	-1.56461
3.67369	-3.91207
1.93656	-2.16318
2.4901	-0.727607
4.77966	-1.23585
-3.48757	-5.91897
-4.41557	-7.8089
-2.20735	-1.98491
2.38522	0.939688
-0.614945	-2.9402
-4.4177	-2.21369
-7.17691	-2.70286
-6.57612	-4.89315
-6.50071	-5.86674
-5.32787	-7.67727
-6.27501	-7.51212
-5.18259	-8.231
-4.82679	-6.26482
-3.77639	-5.35036
2.39981	-7.23285
4.36732	-7.07951
4.48727	-7.48943
3.92326	-8.84988
3.40891	-9.58854
2.8984	-10.2744
4.12285	-10.5171
4.59595	-11.613
1.49101	-6.31105
-1.03157	-8.67382
-2.48822	-8.87197
-3.43285	-8.04419
-2.96565	-5.41401
-2.68411	-8.17057
-4.17244	-9.7177
-4.71315	-8.1342
-4.40393	-6.76542
-3.78443	-6.2643
-3.66914	-5.52019
-3.56405	-5.57157
-4.29075	-4.99453
-5.23424	-4.96071
-6.4976	-5.01961
-6.79571	-5.71093
-4.74915	-4.9015
1.92414	-2.50605
-0.0849103	-3.3269
-0.89086	-1.33956
-1.28136	-6.42575
-3.08979	-7.53781
-2.20216	-3.4654
-4.77568	-6.00833
-4.71365	-8.37046
-5.19417	-8.90817
-3.58302	-7.41941
-1.68758	-2.83404
-4.80045	-7.30628
-3.26502	-7.04708
1.24315	-10.3032
-1.99466	-6.875
-2.82475	-8.25419
-4.67431	-7.10618
-4.48914	-6.20389
-2.85193	-6.16959
-3.4364	-6.09353
-2.45083	-6.13417
-2.25131	-5.94528
-0.353493	-7.44878
-1.21393	-4.62676
-3.11656	-4.90752
-4.52005	-4.77795
-2.8986	-5.89566
-5.27141	-6.43947
0.174902	-4.6467
1.23666	-3.51121
-3.48303	-5.20795
-2.14515	-6.04277
-3.68199	-3.80402
-2.68612	-1.65563
-2.61064	-4.78885
-4.17793	-8.61097
-5.68292	-9.2946
-6.75965	-11.6453
-0.60303	-9.02899
0.268294	-8.38593
4.13836	-7.80968
2.2256	-13.3322
1.5005	-14.563
2.30387	-12.5545
3.02595	-13.585
4.51031	-15.249
5.76782	-15.4696
4.95732	-13.892
4.50795	-12.4261
3.74855	-10.9435
3.68677	-10.0443
2.58497	-9.98818
2.29197	-11.1226
1.49766	-11.3399
-0.0276069	-10.1252
-1.22994	-9.50548
-2.87744	-8.49993
-1.69898	-9.92661
-1.22532	-11.6757
0.781661	-6.91195
0.305761	-4.49415
-1.80229	-2.73414
-2.99371	-4.23377
-7.26439	-7.46223
-5.70944	-6.06395
-7.09395	-4.26618
-5.06236	-7.31709
-3.12122	-4.6371
-6.26532	-8.1833
-3.49687	-7.31956
1.26691	-5.89901
5.10571	-7.9225
1.69784	-12.6734
-0.723311	-12.3351
-2.31363	-10.9106
-1.84875	-9.74613
-1.44501	-9.24975
-2.34272	-7.58233
-1.39052	-8.28869
-6.97291	-2.18066
-5.37311	-0.0311834
-5.20553	-0.682923
-4.60464	-2.57285
-1.65313	-3.92156
2.253	-6.79124
0.779284	-5.06662
-1.57719	-6.16686
-0.543656	-3.8656
0.916841	-5.9774
-0.620137	-9.74501
1.02732	-7.18703
-1.53426	-7.96477
-1.37029	-8.81991
-0.544915	-1.34543
-2.42781	-6.21473
3.89999	-3.60076
-2.44994	-5.9973
-3.75759	-6.29247
-3.43855	-5.80273
-1.38012	-6.70169
-2.05891	-5.95795
-1.36545	-5.99695
-1.56134	-4.78081
-0.822763	-6.07768
-0.155073	-7.88884
0.496883	-9.67395
-0.828353	-8.00011
-2.40174	-2.45124
-0.138516	-3.42995
-2.98039	-2.1902
0.259669	-5.7047
2.36167	-11.7246
2.26985	-14.4462
0.769211	-14.7837
0.369787	-14.9751
-1.36206	-13.7109
-0.169509	-13.4813
-2.54919	-11.7407
-1.82367	-10.3661
1.44428	-13.3254
1.30494	-10.4511
0.752327	-8.3245
5.16029	-2.04179
2.06712	-0.952962
2.12242	1.47761
-0.973034	-0.363894
2.42872	-4.69051
1.87981	-4.31903
1.64575	-5.58151
0.546695	-7.49905
-0.821665	-5.77167
-1.62753	-3.35715
1.64687	-5.87354
1.51645	-4.84028
0.600823	-5.40551
-3.82684	-8.99672
-3.48739	-8.17183
-4.47577	-7.90247
-6.01349	-8.3435
-2.6948	-6.46683
-1.26374	-7.69085
0.754097	-9.03144
3.86936	-3.23339
-3.8851	-5.17325
1.62629	-6.04788
-1.1958	-4.80756
1.79084	-2.64919
1.73022	-3.77747
1.04495	-2.30222
1.2265	-4.73665
0.12549	-4.34671
1.70876	-4.7462
1.68556	-1.30626
0.0415574	-8.00492
0.890772	-2.96743
0.227781	-0.380464
-1.07821	-3.01696
-0.49714	-4.44137
-0.100481	-5.27965
3.16427	0.0824632
2.8981	-2.11113
3.64946	0.938324
1.58835	-2.90977
2.9839	-6.48192
7.00239	-4.07333
8.23508	-3.43131
3.56543	-8.9518
1.34143	-11.5167
1.66681	-13.3786
1.10848	-14.7275
2.84088	-15.8227
6.0495	-16.8686
8.83872	-15.7371
4.24907	-7.66573
6.43896	-7.44124
2.86308	-7.04348
2.42321	-8.78016
3.17169	-8.43959
-2.47186	-9.00735
-0.191733	-8.53187
4.73479	-12.942
1.89544	-16.7423
-2.36405	-16.7735
-2.73238	-15.6327
-2.3862	-15.1533
-0.262419	-13.8839
3.22968	-10.1655
2.9097	-4.02368
3.19136	-8.84297
3.03741	-6.78583
1.53841	-6.8272
0.505735	-3.68295
-3.9393	-6.77769
-2.27966	-5.35649
0.555416	-8.95749
1.85592	-14.7002
0.00205178	-13.3892
0.187197	-12.6999
0.241146	-11.4762
-0.0940781	-9.81857
0.225582	-8.99486
0.634087	-9.42169
-1.43566	-9.57847
-0.411471	-8.04707
-0.0418023	-4.97761
2.67033	-2.1902
2.44415	-1.92164
-3.20579	-4.28125
-2.80973	-1.83181
2.51357	-3.79291
5.04993	-9.3538
1.91835	-8.07111
2.79501	-8.15116
1.72925	-6.08631
1.36962	-7.35633
-3.71297	-9.29798
-2.72093	-8.5425
-1.36658	-8.24108
-0.138551	-8.58315
1.75794	-7.86205
1.11187	-7.06118
0.450911	-7.32779
1.1663	-6.58894
1.18943	-6.13922
1.6598	-7.37991
0.256501	-5.64713
0.140982	-3.91177
-0.0292922	-3.61157
3.47663	-1.87829
0.226625	1.07588
1.24807	0.959454
-2.82873	-1.9432
-1.17131	-2.52883
-1.22012	-1.21027
-5.1942	-7.85204
-4.66058	-10.9924
1.37269	-8.24964
3.46483	-2.39489
3.91344	-12.0527
3.24248	-15.7742
1.6721	-15.2257
1.70823	-16.2112
1.31202	-15.9849
1.9224	-16.2568
1.4384	-17.3279
2.04412	-16.8422
2.83385	-18.6039
2.01956	-18.2512
1.98352	-18.4268
1.48524	-18.7167
1.23029	-18.5472
0.66973	-18.1775
0.49529	-17.0564
0.576202	-16.6772
-0.146527	-15.4586
0.282814	-14.7434
0.46634	-13.3799
0.875732	-10.8908
2.089	-8.66701
5.12629	-9.91848
6.87332	-13.1709
6.38712	-11.985
5.51856	-9.97482
6.26721	-10.7736
5.94886	-10.2776
6.47735	-10.292
6.70834	-10.7389
7.01392	-10.1684
6.98546	-10.2093
6.99758	-10.6518
6.44149	-10.3015
1.12068	-7.50791
0.601042	-10.084
1.59651	-11.8805
0.888082	-10.5419
0.692444	-10.2536
0.164551	-9.42217
-0.371383	-8.81099
-0.40966	-7.30929
-0.127051	-8.53454
-0.723813	-5.21676
-1.09348	-0.275059
4.16792	-0.40224
3.54382	-3.73852
2.3039	-4.27746
4.24043	-8.0577
4.39941	-12.0454
4.34764	-13.7377
4.19917	-15.0966
4.48845	-15.0528
4.27155	-14.5086
3.578	-9.49301
-3.16439	-2.93742
-3.03235	-4.55812
-1.62217	-5.9618
0.0707433	-8.59528
-1.64313	-8.56079
-5.44399	-5.75574
-6.76635	-5.47459
-8.30036	-4.2509
-7.84807	-5.44538
-8.00066	-6.30364
-7.68257	-6.61619
-7.21663	-6.04623
-6.89605	-4.99588
-5.84447	-4.38353
-4.51766	-2.8811
-3.54435	-2.35348
-3.5428	-3.50722
-3.69665	-5.72771
-4.44597	-7.29194
-5.29165	-7.08221
-5.35998	-6.25884
-5.44939	-5.96179
-5.01745	-5.97016
-4.6602	-6.07093
-3.75093	-6.89981
-4.16781	-5.08041
-4.08291	-3.91273
-3.02955	-4.73667
-2.80257	-2.94811
-4.18489	-2.98517
-5.31577	-2.38892
-4.77949	0.857929
-1.431	-1.3716
-4.49394	-4.67366
-2.61944	-2.41528
-0.37744	-7.11988
-0.392349	-5.041
4.19131	-1.51593
1.17977	-2.33401
-1.91936	-2.26015
-0.435424	-3.35809
0.0124524	-1.66306
-1.46861	-0.184713
-0.736217	-0.78204
-0.479364	-0.694294
0.665292	-1.12259
1.079	-1.11684
0.440761	-0.765433
5.41021	-0.802153
4.12864	-1.40481
7.37426	1.04597
6.18752	1.21997
3.2971	1.83392
1.75035	-2.1702
-4.35028	-7.70616
-1.67378	-8.27311
-2.90191	-2.88365
-0.127704	-11.1045
-0.277964	-14.4981
-1.47195	-13.7022
-0.226813	-12.4951
1.4444	-8.48748
2.77256	-10.1311
3.5813	-9.82287
3.69969	-9.80922
2.52408	-7.61646
3.47521	-8.28809
2.47739	-6.20959
2.09478	-7.1827
3.64271	-4.96244
0.750303	-3.95802
1.1076	-1.04733
-1.99987	-1.44119
-5.67521	-2.63186
-6.08035	-2.72699
-0.937131	-2.34989
0.178727	-1.81614
-1.0035	0.374833
-1.4425	-3.05366
-0.624778	-3.09041
-2.08896	-1.62081
-7.18913	-8.93048
-4.76121	-9.04968
-0.666673	-9.60151
-0.522664	-9.74378
-2.48136	-2.06105
-5.77047	-3.00287
-3.46461	-3.87343
-0.351208	-11.3655
-2.4617	-12.8557
-2.18357	-13.0728
-3.34078	-10.718
0.499203	-11.9295
0.930412	-6.99415
-2.69772	-3.97112
-7.1087	-4.65027
-7.20835	-3.42314
-7.35623	-8.10954
-8.47786	-4.73642
-6.73171	-1.80757
-8.05189	-7.60309
-5.60331	-7.62444
-2.43953	-9.12272
-3.56657	-5.63766
-1.36256	-7.18186
1.56162	-2.39297
0.921247	-6.83656
-0.643994	-3.8815
3.45764	-5.77532
1.63498	-6.14316
2.0258	-4.13978
1.48406	-4.90359
4.66344	-3.39362
2.28684	-2.62316
3.09434	-4.7124
2.21173	-9.09715
6.27048	-6.60459
5.1612	-5.48931
5.50919	-9.93621
5.79737	-8.93415
3.25037	-7.36094
2.82657	-6.26799
2.14756	-4.71378
1.85416	-4.19907
-0.239569	-2.74509
2.10582	-6.01059
0.494149	-4.03415
3.37613	-1.69801
5.03864	1.08639
8.53555	1.72721
7.2546	2.18278
-8.35351	-4.80437
-6.90277	-4.52106
-4.23662	2.00441
-5.41549	-0.249162
-7.83895	-5.98892
-8.36504	0.196303
-7.52581	-5.3554
-8.80561	-4.97731
-9.1607	-4.64688
-4.97051	-2.60848
-4.68158	-3.53534
-4.74537	-3.03836
-5.02737	-0.885247
0.209711	-5.35845
-2.99587	-3.88874
-0.320372	-1.08224
0.395104	-1.47437
3.58997	-2.63905
1.65977	0.189395
2.77695	-0.307636
-1.29388	-5.04766
-2.31026	-4.63052
1.46966	-6.05181
3.65305	-4.79365
1.84176	-3.28753
1.66131	-3.6376
-0.0506617	-6.85423
-2.43261	-7.5647
-2.79432	-5.70328
4.59996	-3.30125
-0.653689	-2.0889
-0.41426	-3.19144
2.33713	-1.19539
2.13321	-0.775828
1.72973	-3.31873
-0.0578046	-2.96967
3.57843	2.20904
4.92704	-5.56221
5.65902	-4.98905
0.201495	-4.21763
-1.49853	-7.21535
-0.589505	-9.81246
0.0800451	-10.8195
-1.0904	-10.0424
-1.09469	-12.4187
-1.76419	-14.7819
-2.85738	-16.4641
-2.75879	-16.2599
-0.53303	-17.1727
0.771293	-15.329
1.50925	-13.3971
0.28645	-9.76006
-0.767694	-6.08923
-0.290094	-5.02636
4.55407	-5.99785
3.09861	-6.0532
2.59553	-4.54554
3.74541	-4.61873
1.04432	-2.0931
-5.09421	-0.0285444
-2.48168	-4.78812
-5.31702	-2.12266
-6.58151	-1.33474
-7.85861	-0.237384
-8.24944	0.127716
-7.96742	-0.811523
-6.26077	-1.10964
0.0272384	0.704349
0.277486	-3.60188
2.0465	-4.285
0.961991	-3.5582
1.60011	-3.61999
-0.806189	-2.05856
-2.89825	-3.48402
-4.75951	-7.29816
-5.19628	-9.36059
0.284671	-2.18682
-3.94949	-0.491463
-7.34419	-1.27631
-8.1659	-0.11197
-7.79223	0.139989
-7.53199	-0.133342
-6.5978	1.60881
-1.32721	-2.14118
1.13213	-5.72196
0.0634393	-6.96144
-3.05223	-9.75456
-2.30511	-4.42066
-2.88605	-4.72353
-4.70377	-10.5933
-2.66712	-6.90324
-4.56409	-4.67817
-5.05702	-4.0059
-4.33231	-4.40619
-5.59361	-3.46404
-5.34194	-2.92736
-5.63332	-2.065
-5.07355	-2.87848
-3.98401	-5.31088
-4.92308	-4.85589
-4.68766	-5.36805
-3.70292	-5.69781
-2.28766	-6.99718
0.919428	-7.05437
3.02811	-5.0749
3.5225	-4.62936
3.42701	-4.80317
3.14807	-5.13485
3.01046	-5.16002
3.05453	-4.90209
3.82895	-5.62387
2.20454	-4.18175
2.58936	-4.90254
2.20094	-4.70159
1.82003	-4.99137
1.12151	-3.77103
0.134823	-2.78992
-0.233919	-2.89517
-7.0011	-8.84533
-10.5016	-6.76902
-11.0263	-6.17762
-11.6956	-5.08469
-12.4508	-4.03123
-12.7165	-4.05345
-13.7791	-3.64725
-13.6073	-4.4466
-13.3943	-4.16907
-12.2797	-4.84521
-7.94375	-4.92722
-4.3364	-5.02553
-0.618422	-2.80699
0.664758	-3.32021
3.37852	-1.18848
1.79969	-1.45114
2.5594	1.98498
5.12252	-0.979152
2.50118	-1.5542
2.49133	-6.11157
2.08769	-8.0831
2.51867	-10.2721
0.323398	-10.4334
-1.91885	-8.64447
-3.75847	-7.82352
-5.00215	-6.26059
-8.14013	-4.85029
-8.68119	-4.03457
-7.32107	-3.5348
-6.73457	-3.92952
-7.95079	-3.92303
-5.96452	-5.22378
-7.31848	-3.79076
-7.7311	-4.30328
-7.6439	-3.03888
-8.75481	-3.07321
-7.93185	-2.89711
-7.64948	-2.42158
-7.21021	-2.95162
-7.48655	-1.72857
-6.82933	-2.99755
-6.74581	-2.48158
-6.56574	-2.87077
-4.82076	-3.17168
-4.16262	-3.53564
-2.62006	-3.57929
-1.68487	-2.95936
-0.980721	-4.23529
-0.490691	-4.11667
0.14234	-5.18072
2.51037	-7.41974
4.24543	-9.53533
5.11035	-9.43819
5.72126	-11.3285
5.59501	-9.73198
3.37625	-9.08759
3.54336	-9.80453
3.57575	-9.58092
2.62078	-6.54376
0.5905	-4.87034
1.57547	-5.71055
5.77848	-4.81534
4.67396	0.0999158
1.08787	1.38302
-0.499724	-1.69237
-3.01626	-1.2408
-5.01764	-1.0143
-5.60833	-4.3253
-3.26411	-7.52319
-1.86177	-9.68581
-2.67549	-5.93787
-0.629803	-6.34151
-0.368204	-5.01714
4.00762	-3.78379
-1.66711	-9.834
2.90763	-16.5573
1.58672	-16.2677
0.527783	-15.3073
0.272977	-15.4954
1.72321	-15.5923
-1.45133	-12.3223
2.05871	-12.5147
-2.32718	-11.8978
0.162123	-9.37059
3.62514	-4.65461
-0.0806316	-6.1229
-3.79754	-5.36481
-6.30808	-5.77151
-5.17574	-4.83985
-5.32182	-3.69948
2.04034	-1.20428
5.62931	1.91526
0.534611	-8.22811
-1.82468	-7.46296
-1.5859	-6.34432
-1.66784	-9.08399
-2.52741	-6.94688
-4.35801	-4.15561
0.208414	-8.23931
6.35953	-7.80103
3.72993	-11.6747
-4.18046	-2.99299
-2.50531	-4.83005
-2.4107	-6.81141
-1.72424	-6.99047
-0.632747	-6.69055
-0.834747	-5.50638
-2.07127	-3.88856
-3.91944	-2.31762
-5.23919	-8.05797
-1.37288	-7.49698
-1.42325	-11.0338
0.554015	-8.71225
2.20072	-1.68378
1.52294	-2.32528
-4.8263	-7.9326
-4.16816	-6.755
-4.05224	-7.50356
-4.16675	-8.50985
-4.89935	-6.14315
-4.01009	-6.48705
-3.33157	-11.4356
-0.613823	-7.50994
1.50657	-4.57456
3.53408	-7.01261
1.45202	-12.3811
0.245872	-14.1536
-0.551879	-12.1499
0.878281	-11.974
4.20525	-9.3103
4.42223	-4.69645
0.944621	-5.42294
1.16617	-5.12213
1.21665	-2.18752
-0.386239	-3.39486
0.801005	-3.50286
-1.62064	-8.70646
-0.38764	-3.17269
-9.49641	-1.69773
-9.59753	1.51613
-7.78236	-2.19405
-11.1085	-6.94605
-3.07805	-4.16324
-0.247272	1.46328
-0.324205	-7.04378
-7.17929	-7.63842
-6.33009	-9.13646
-6.4254	-8.12441
-5.55224	-8.58461
-3.34572	-8.91941
-0.737314	-9.81794
-1.77763	-7.15408
-1.93525	-8.27243
-1.08951	-10.6969
-0.290809	-9.30788
4.34949	-5.61957
3.71809	-1.07018
3.26612	-2.3438
-12.0401	-7.24392
-10.6189	-4.25446
-3.71334	-6.11402
-0.930398	-3.67089
0.65871	-3.19289
2.17623	-0.879131
5.40884	0.186074
1.13406	-3.13872
-1.95653	-7.5376
-4.05567	-5.01868
-2.948	-7.64689
-4.96816	-6.96228
-7.73232	-3.94302
-8.77069	-2.47533
-9.11793	-1.88235
-11.577	-1.58812
-12.0555	-3.90869
-11.5838	-5.85787
-11.5836	-8.32238
-8.301	-8.8905
-8.26469	-7.82978
-3.10495	-8.77632
-4.06791	-7.41672
-2.40605	-10.1835
0.388072	-9.85357
0.459236	-8.438
1.86943	-0.0101189
2.33781	-0.566216
1.10065	-4.38949
3.04765	-5.03116
3.37402	-0.557117
2.06245	-5.84181
0.773442	-6.14012
-2.27041	-5.63281
-0.093432	-6.01919
0.562949	-3.39007
-2.21033	-7.36677
1.78677	-2.22586
-0.562585	-7.0891
-0.0744121	-5.75766
1.79035	-2.95642
-3.05511	-6.05745
-2.34907	-3.44568
-0.225192	-5.12576
-3.64508	-4.27776
-0.933156	-4.16531
0.929748	-2.99336
-0.112326	-5.08726
-1.82994	-5.40779
0.0521798	-3.17231
0.5512	-3.42037
-1.80284	-4.836
0.0117021	-1.14894
0.607962	-2.9615
-1.11924	-1.7491
-2.67678	-1.92276
-5.38116	-1.30871
-5.76928	-0.292967
-2.06154	-5.70402
-4.26909	-2.70346
-5.98951	-2.48958
-7.04061	-2.30083
-8.29351	-1.81826
-8.38665	-2.70929
-8.36839	-2.77533
-8.065	-2.65436
-7.02705	-3.33689
-7.1215	-2.65805
-6.09762	-2.66489
-6.60335	-2.40068
-5.47585	-2.48791
-3.88267	-3.33265
-2.72537	-4.39067
-1.44396	-5.57423
0.192264	-7.20994
1.40989	-7.39295
5.6166	-9.47076
0.582843	-7.30043
0.338566	-4.68033
-0.268596	-5.82604
1.63749	-3.49077
2.56765	-3.76764
-1.47177	-0.766374
-6.56036	-4.99364
-10.0451	-3.98324
-9.25098	-2.43442
-5.64061	-1.03864
-4.85957	1.08214
-2.37308	-2.82472
-2.93478	0.00750116
-4.37288	-0.803685
-2.66461	0.379251
-2.86538	2.60577
-2.98087	3.29306
-2.77782	2.93144
-2.5696	1.11742
-4.51088	2.79774
-2.57356	0.823645
-2.41736	1.69552
-1.6988	3.05587
-2.14925	1.43385
-1.69342	0.695345
-1.39229	-0.996067
-0.424348	-0.780259
2.06005	-0.624971
3.65489	-2.76971
2.30721	-3.1768
4.2442	-4.72879
3.16134	-7.03693
2.8661	-10.2013
1.03042	-11.9478
1.43103	-15.3746
1.92262	-17.9115
1.32759	-18.4797
1.0461	-18.6101
1.21558	-19.4911
0.479961	-19.281
0.177344	-18.8499
0.613257	-18.7088
0.960199	-17.1635
0.980868	-16.1924
0.909803	-15.7872
0.059244	-15.3395
-0.721682	-16.0492
-0.549126	-15.8126
-0.455932	-17.246
-0.0363018	-17.3308
0.960708	-16.4812
-0.241781	-14.3056
-1.75065	-10.1792
-4.42932	-5.94694
-5.95107	-5.08744
-9.21111	-3.57003
-9.9663	-4.04101
-10.1243	-6.14607
-13.3387	-4.05187
-13.8461	-4.11407
-11.1597	-7.40174
-13.9367	-4.73347
-13.7817	-5.52875
-12.6118	-5.59505
-10.388	-6.16393
-4.24689	-4.15843
-1.03232	-3.81627
3.16314	2.62316
3.5961	-1.81322
4.7831	2.13112
1.51154	0.251967
-3.23199	0.486539
-6.92748	-5.035
-4.99121	-3.18229
-6.94209	-5.83384
-6.57476	-3.68618
-6.14913	-5.43457
-4.31179	-4.02732
-3.40613	-3.01552
0.521274	-3.52027
-0.348913	-3.40044
-2.14876	-3.15994
-0.135707	-5.33326
0.122524	-6.3089
0.576848	-6.17354
1.55444	-7.02171
1.61795	-8.65371
1.19252	-7.81537
0.851386	-12.2518
0.184006	-10.4988
-1.68963	-7.48273
-2.04871	-6.43011
-0.072658	-6.19355
1.29886	-7.95316
3.05733	-3.96653
1.15499	-2.82016
-0.245984	-6.53824
-1.18171	-10.287
-7.81485	-10.0722
-11.8987	-9.67598
-9.82014	-8.11315
-6.92935	-3.31178
-7.0325	-5.42314
-2.87126	0.223559
-4.23978	-4.62411
-6.51613	-3.15271
-6.17151	-3.10507
-0.258215	-6.57428
2.10805	-9.73403
1.29555	-9.67983
1.29348	-9.46865
1.77456	-10.3283
1.82849	-9.82178
1.79395	-8.37357
1.36529	-7.16496
-0.37553	-9.35308
1.53083	-14.1168
1.04875	-15.2811
1.06424	-15.2198
1.09016	-14.4417
2.27065	-13.8264
0.733963	-13.7647
0.0689811	-13.2239
1.80543	-12.9854
1.07712	-13.6926
3.10735	-12.2794
3.58313	-10.7283
3.15346	-12.2165
4.35624	-6.77256
3.87538	-9.32796
4.84584	-6.2062
3.86933	-5.76246
2.1201	-6.58432
3.90936	-7.44318
-2.81265	-9.50084
-0.36039	-5.00196
-1.96932	-4.2623
0.0747284	-4.86624
2.54789	-8.91569
0.756148	-2.54726
0.595345	-3.87331
0.931752	-2.78333
1.57468	-2.0462
0.709471	-6.25751
-0.717815	-1.58257
-0.321258	-1.88006
-3.00596	-6.4316
-2.29385	-2.9156
-0.913728	-4.98428
-0.209738	-6.78171
0.42603	-7.47947
-1.69028	-3.20905
0.171504	-4.30496
4.9065	-2.03515
5.82878	1.79133
2.18766	-6.45498
4.0887	-6.54813
1.97459	-6.38144
2.60742	-7.67415
4.94618	-7.0876
4.66333	-7.07167
1.39581	-9.41401
-2.17583	-9.63342
-5.27048	-7.23539
-5.15843	-6.40149
-5.23334	-6.98514
-4.01969	-7.67677
-1.63812	-8.30994
0.931879	-7.88491
0.883719	-6.9422
2.44134	-7.71252
3.16743	-10.1821
2.53218	-12.2846
3.29126	-16.0906
1.89306	-16.6941
1.7951	-16.656
2.38	-14.6098
3.70661	-13.6925
2.49096	-9.05122
2.48415	-5.27158
1.54806	-3.00472
5.4424	-0.546324
7.02321	1.41259
5.2863	0.736714
2.2726	-0.563358
4.11724	-1.84795
3.15989	-1.57618
-0.401886	-4.64097
-2.21803	-4.57638
-2.74002	-3.72811
-3.30643	-2.10046
-4.4044	0.156591
-3.63113	-0.786362
-0.593441	-4.6103
0.289691	-7.60201
3.34037	-5.5859
4.78462	-3.31746
-1.99241	-4.24344
-4.65955	-6.44578
-7.07119	-8.74559
-8.25231	-7.13668
-3.33386	-5.63464
-5.17658	-1.57203
-4.70278	-3.31606
-7.93875	-4.27071
-6.36482	-6.53526
-3.28778	-8.25456
-0.840627	-5.79261
4.2099	-8.13066
3.952	-12.8368
1.68672	-14.7221
-0.349927	-12.1004
-1.57481	-11.4976
-3.49502	-10.9922
-4.18375	-10.7144
-4.36731	-10.0022
-4.62021	-9.33115
-4.66549	-8.61327
-4.99891	-7.92662
-4.3563	-7.55209
-4.65911	-6.48516
-4.28083	-5.88758
-3.46401	-6.43192
-4.09306	-5.22682
-3.08377	-6.24845
-4.33542	-4.73312
-5.28323	-3.51172
-5.29913	-4.03045
-6.0698	-2.7006
-6.64046	-2.17629
-6.201	-2.86283
-5.91385	-4.70841
-6.08223	-4.82385
-6.02016	-4.56197
-6.63428	-2.12929
-5.65052	-1.70287
-1.60575	-4.85795
0.310477	-7.99306
-0.8822	-3.52884
1.22714	-4.79729
3.91544	-4.69793
-1.89159	-4.07982
-2.9805	-1.75771
-0.720829	2.37227
-5.51909	0.48299
-6.7623	0.166476
-8.20704	0.625596
-4.59519	-1.54278
-5.48183	0.551242
-5.4024	-1.81692
-5.67734	-0.55923
-5.42885	-2.93394
-2.86024	-5.30933
-2.03751	-2.49986
-1.34146	-1.38151
-2.93269	-3.25371
-2.37685	-5.08127
-1.43467	-5.1953
-0.568883	-6.57719
0.6095	-7.67659
4.79038	-7.56551
5.48121	-9.29396
4.97246	-9.67188
5.94989	-10.0522
5.41854	-9.92051
4.98819	-9.6259
4.67926	-10.9051
4.14375	-11.9708
4.33066	-13.0471
4.40358	-13.1743
3.55409	-14.6782
1.90379	-14.1518
4.33018	-14.6344
4.92853	-11.7925
2.5514	-8.03104
0.832411	-12.4163
0.225855	-15.6091
0.288329	-17.1446
-0.253033	-17.9842
0.255269	-19.8438
1.2012	-19.9933
2.46927	-19.1007
4.9241	-18.3718
5.16624	-18.6423
4.22758	-12.8413
4.64771	-8.85075
6.47763	-6.54884
6.49476	-7.73784
1.10685	-9.65799
-4.07037	-7.21741
-6.30706	-2.98717
-8.66708	0.67197
-8.48506	-4.47739
-4.06506	-8.14149
-0.771581	-5.38946
-3.53767	-4.72307
1.20667	-0.54404
0.893589	-4.40921
-1.67009	-6.64895
-4.64176	-5.41446
-5.60225	-5.40658
-3.46871	-7.60776
-2.09994	-9.18913
-2.3729	-8.82137
-1.72801	-7.84245
0.835903	-3.55358
0.581328	-3.97984
3.37171	-1.24101
-0.0521241	-4.67287
-1.21678	-5.81412
-2.72965	-7.40164
-3.63943	-9.99724
0.895465	-3.30319
1.0383	-6.42159
-0.111888	-10.3209
2.45082	-13.4929
3.29295	-13.1916
3.20656	-11.6808
4.33774	-10.0405
3.46447	-12.3692
3.47792	-11.5462
4.49916	-12.2508
3.43032	-11.5297
3.97603	-11.044
3.86029	-11.681
1.60401	-9.34801
-2.50276	-5.42981
-5.52029	-5.90848
-6.1176	-5.72714
-6.66588	-6.67045
-6.52709	-8.17384
-4.6944	-9.63909
-1.25861	-10.88
0.835064	-10.3632
1.03071	-9.62996
1.12308	-9.35148
1.60423	-10.0953
1.0105	-9.14832
1.81776	-8.8468
6.29725	-8.06303
5.46048	-10.2077
5.50701	-9.97083
5.91567	-10.5688
6.69637	-10.9278
6.06294	-9.96822
5.24276	-8.49462
2.20219	-7.09975
0.658595	-6.13018
0.0700824	-5.71559
-0.878423	-4.91403
-0.817099	-4.87962
-1.03748	-4.26266
-1.70944	-4.40054
-0.798563	-6.0208
3.86827	-6.56625
6.14172	-6.48288
5.11808	-5.80707
4.16645	-3.01465
2.47662	-1.89885
4.0542	-3.71034
3.93394	-3.17049
4.43511	0.403483
3.51935	1.51929
0.689602	-0.809505
1.70177	-1.24159
1.32755	-3.76155
8.50628	-2.43793
3.90225	-2.44916
2.69758	-2.70778
2.03251	-6.83382
1.9897	-9.75422
3.30432	-13.4602
-0.0414881	-11.5623
-1.32313	-11.988
-1.88378	-11.4335
-1.67957	-10.6321
-0.715659	-10.1641
0.298998	-8.65105
0.596959	-10.2038
-0.27148	-6.79383
0.599905	-5.5206
0.574895	-7.54587
-0.872496	-1.51997
-0.156477	-2.28636
0.294993	-2.77254
0.62087	-2.50627
2.90423	-3.10276
1.4735	-2.62322
5.72165	-4.51415
0.992764	-3.32753
-2.21657	-3.83943
-4.85563	-3.12079
-5.21623	-3.10216
-4.7276	-4.79938
-3.37274	-6.54337
-3.8224	-6.30079
-4.05856	-5.4523
-6.45588	-2.36925
-6.11231	-3.10787
-3.20566	-4.40987
-0.995073	-1.50633
-4.1699	-0.723781
-6.56219	-4.84847
-8.98871	-2.78881
-10.6334	-0.822069
-10.0917	0.39649
-8.07933	0.350558
-11.5982	-2.2967
-7.77624	-0.478889
-5.89711	-0.108208
-7.71426	-3.05544
-0.486266	-3.13412
-6.06998	-3.10499
-6.8486	-3.22801
-7.46163	-3.44909
-5.11471	-6.17364
-5.43824	-6.70906
-4.8734	-7.02233
-7.36787	-4.90302
-9.59975	-1.85181
-10.4008	-1.82105
-10.8675	-1.44725
-5.95838	-0.77035
0.0183516	-4.89282
0.519029	-4.41223
-1.38108	-5.79364
-2.8803	-8.32826
0.183688	-7.4612
-0.356324	-5.23451
2.48389	-3.02162
-2.69511	-11.0223
-7.75733	-10.4318
-6.65063	-10.9406
-4.70562	-11.8721
-3.69738	-10.7979
-1.57614	-9.22927
-0.548458	-9.63044
-0.784826	-8.9149
0.639159	-8.96837
0.541341	-8.76536
0.12183	-7.58681
1.58015	-8.49711
0.637531	-7.10387
0.361506	-7.35817
0.541671	-4.80675
-1.20629	-2.24733
-1.53999	-7.64569
-1.69323	-9.04243
-0.727083	-10.9253
-0.587032	-10.8591
-0.286603	-9.28096
0.802827	-12.0368
1.47611	-14.1282
1.65446	-14.7082
1.19381	-14.3236
0.819748	-13.7299
0.565528	-13.659
0.356127	-13.6504
1.10238	-14.2908
-4.15567	-13.1416
-2.51679	-16.0894
0.0583588	-16.0887
-2.65577	-13.6575
-2.08994	-12.5165
-1.25952	-12.6839
0.448463	-13.0539
2.90363	-12.6228
1.26379	-12.3124
2.41792	-12.8837
3.03966	-11.2749
1.61213	-6.72651
-0.19143	-3.46747
-0.965401	-2.57265
-2.70331	-3.16632
-3.82531	-2.42994
-8.06229	-3.88483
-3.14342	-4.44526
-6.1456	-1.36868
-5.53989	-5.05339
-4.6263	-2.65184
-6.06488	-5.57868
-5.21078	-2.94403
1.81331	-2.08618
1.9654	-0.221582
-0.26097	-2.93132
-1.04067	-5.74528
2.1182	-5.54037
0.742995	-5.1935
-2.7155	-5.97217
-2.85098	-2.53246
-1.57575	-7.30868
-1.87925	-5.21468
-4.91583	-0.698581
-4.25811	1.27818
-5.17798	-0.703551
-7.8875	-2.71289
-8.09972	-2.57786
-8.91778	-1.24149
-5.5876	-2.75938
-1.14856	-3.59993
4.46374	-7.59701
5.44641	-7.37901
6.50003	-5.57658
7.0179	-6.59162
6.14967	-5.12659
0.0832216	-7.37562
0.414919	-5.79954
1.6421	-6.17461
0.198079	-5.167
0.983511	-5.89067
2.02734	-6.70098
1.47879	-6.1443
0.319165	-4.3284
-0.184601	-3.39077
0.146152	-4.36799
0.34906	-4.42397
-0.227649	-3.44819
-0.679282	-3.09466
-1.35142	-2.46565
-0.188161	-3.67804
2.14346	-1.23074
-0.149682	-4.72974
-1.75871	-6.79484
1.90412	-4.42419
2.63733	-2.04686
0.00710325	-1.39187
-1.69078	3.71489
0.0384435	0.144027
-2.97754	-5.39468
-4.62388	-5.39433
-6.91692	-2.04276
-7.71055	-1.80527
-6.75352	-2.9518
-5.38844	-4.61263
-5.76362	-5.22539
-5.61556	-5.87786
-6.41828	-4.80648
-5.41084	-4.69099
-4.32922	-5.29016
-2.50678	-7.61569
-1.30991	-11.6196
-0.570152	-14.1014
-0.10826	-14.0579
1.50524	-7.92
3.62213	-9.7371
3.89804	-10.3429
3.12953	-10.4368
2.02777	-9.84397
2.35733	-7.25661
1.88052	-5.55959
2.40723	-6.51333
4.19205	-0.293592
-2.58402	-5.05485
-4.88706	-5.27472
-4.29859	-2.90385
-1.97975	-4.21972
-2.99673	-3.79002
-5.58995	-3.60707
-1.4301	-7.08568
-0.16335	-3.28122
0.622177	-2.04584
0.879438	-4.07631
1.98484	-5.73288
2.27036	-3.65748
2.38225	-4.67727
4.99119	-9.11276
3.81589	-12.7348
2.01145	-13.008
2.34895	-16.5176
2.14177	-17.2224
1.81373	-16.9288
3.8639	-14.3105
2.48032	-7.68115
1.18934	-12.1439
0.704352	-13.2677
-1.24881	-12.2181
-2.29501	-10.0806
-3.26077	-7.7484
-3.45421	-6.93944
-3.63948	-6.49534
-4.27516	-6.40706
-4.47322	-6.45071
-3.84779	-7.21895
-4.2247	-5.95393
-6.6218	-2.62156
-6.98889	-2.45703
-6.1957	-2.57028
-2.73766	-3.59125
3.14096	-0.204835
2.4999	-4.31764
-2.12862	-9.48547
-2.6912	-8.39865
-2.99123	-6.0772
-4.77231	-5.6653
-5.39709	-3.91602
-3.60042	-4.29565
-6.24564	-4.46552
-6.95883	-5.30014
-4.94771	-6.12676
-3.83752	-7.33445
-2.65462	-4.48357
-1.20796	-1.62307
-2.19339	-3.8793
-2.62323	-3.4093
2.29698	-0.974291
1.22088	-2.64648
-0.782782	-3.78439
-5.68104	-8.90867
-4.09095	-8.57205
-2.85191	-8.24379
-4.15618	-9.0016
-1.37671	-6.46881
-0.132059	-5.8996
-2.2549	-5.30644
-2.60787	-4.40742
-2.83009	-3.84668
1.33515	-5.58423
5.87015	-6.47996
6.89312	-6.30212
6.09942	-5.99971
4.9978	-5.37582
1.55018	-5.78923
-1.98988	-7.25536
-5.89904	-2.08078
-5.18615	-0.865404
-4.18827	-1.28433
-3.18395	-2.67898
-3.079	-3.932
-2.64556	-5.79201
-1.64699	-8.66326
-0.893822	-9.22492
4.43085	-4.89801
0.819708	-2.01596
1.10879	-2.55662
2.83034	-0.348604
-1.30614	-2.52348
-3.00757	-4.62907
-3.51907	-8.06788
-5.47382	-10.959
1.99514	-12.6981
-0.537168	-13.2402
0.456771	-14.7423
-0.285732	-13.4116
1.35047	-13.1825
4.88954	-14.765
4.77909	-11.7933
4.77755	-7.84872
2.49726	-5.67203
3.08217	-6.1137
5.24389	-5.99125
5.22816	-5.08328
4.75131	-4.55784
4.87945	-5.52878
5.38035	-6.70064
5.22891	-5.36378
5.20624	-3.05789
1.44011	-5.19519
1.14718	-7.49368
1.38784	-11.8011
1.61521	-13.0544
-0.121182	-11.4135
-1.40618	-8.76522
-1.78473	-7.35698
-3.0142	-5.59932
-3.14695	-4.3574
1.16464	-2.65314
5.29978	-3.70421
2.66316	-8.18387
-1.88309	-9.96785
-1.70751	-6.91112
-1.31062	-6.05499
-3.22375	-9.3515
-5.4599	-6.8437
-4.80715	-6.52981
0.784266	-3.36183
0.730057	1.87188
-2.93059	-5.05348
-2.57254	-3.68589
-4.16999	-5.79085
-3.88926	-5.49673
-0.67991	-4.71399
4.38713	-5.54555
5.81504	-7.22717
5.82767	-7.20666
5.81744	-7.12823
6.09479	-8.00197
6.09553	-6.66822
6.44632	-7.28055
6.16552	-7.2005
6.59553	-7.96151
6.32467	-8.26743
6.1	-8.87313
6.98772	-9.03668
4.8779	-5.41562
-0.350473	-6.26345
-2.14894	-7.27039
-2.25726	-8.17284
-1.67623	-9.14067
-0.976382	-9.49997
-0.96846	-9.25043
-3.23589	-6.63154
-3.66061	-6.57909
-4.32	-6.42252
-1.97162	-6.60128
-0.953991	-8.68291
-0.79079	-9.64423
-2.58807	-8.50888
-4.13641	-7.52922
-4.88065	-6.52325
-5.04687	-6.66404
-3.81767	-7.21956
-4.225	-4.92221
-5.56728	-1.87136
-4.292	-3.08358
-3.20203	-1.36563
-2.56906	-2.2672
-6.20572	3.29298
-9.28524	1.73758
-5.1988	-0.107503
-5.64604	-2.99312
-7.39093	-1.16786
-10.4775	-4.95464
-7.0359	-4.5964
-0.622206	0.775562
-3.76806	-1.98668
-8.09159	-1.67717
-7.80564	-1.29067
-6.58863	-1.7324
-5.40643	-2.679
-5.99267	-1.74329
-6.16336	-3.16639
-3.00936	-4.13025
3.95702	-6.70547
4.97536	-3.01327
4.7805	-1.60722
-3.19966	-0.0293362
-5.23781	-2.96623
-5.7208	-2.53287
-4.83249	-4.7603
-4.85666	-5.04591
-4.60803	-3.52127
-3.96298	-2.83209
-2.59766	-2.61013
-0.373073	-3.1875
0.952856	-3.22083
1.42143	-3.27459
2.04347	-3.63764
2.70163	-3.99234
4.14325	-5.48952
4.57047	-6.74763
2.93628	-7.2582
5.29862	-9.94819
3.6906	-9.29208
4.80097	-9.92266
3.85394	-3.9236
4.82892	-8.00629
1.9102	-4.58524
2.71135	-7.45038
2.45891	-7.27969
1.44743	-7.04241
2.03933	-5.41233
1.69148	-5.03816
5.97928	-2.528
6.20683	0.854757
6.09606	1.79397
2.47162	-1.41207
3.34691	2.37913
0.0810821	3.06953
-0.160041	-1.288
2.70139	-1.24654
0.652241	-0.348173
0.5125	-2.57711
1.02857	-5.22564
-0.680058	-2.99368
-1.85392	-5.39876
-0.147034	-5.77468
0.422623	-1.38388
-0.22022	-2.79915
-3.33234	-3.23538
1.35717	-2.32717
0.0180085	-4.54672
-1.79714	-1.34297
1.54725	-2.11585
0.809582	-6.10698
2.51318	0.507287
0.648301	0.233625
0.145686	0.116263
5.40555	0.261173
-3.93882	-9.5745
-6.03211	-12.3942
-5.29668	-15.2622
-4.09013	-12.5397
-3.73797	-10.6762
-0.695238	-8.24852
-0.443356	-6.6736
-0.498458	-6.32344
-0.1897	-5.60996
0.272936	-5.43162
0.620225	-5.35574
0.59969	-5.21599
0.618155	-4.88801
0.226054	-4.39021
0.21616	-4.59615
-0.299323	-5.36126
-1.79113	-6.67786
-4.60966	-6.54495
-5.55717	-2.90143
-5.50668	1.06469
-3.4944	0.932827
-3.09354	0.964787
0.345988	-1.39267
2.89216	-0.195773
-2.284	-2.31811
-5.77175	-1.07843
-2.45034	-1.53232
-4.51486	-2.35706
-6.29883	-5.14093
-4.80102	-10.2671
-3.84496	-7.58189
-3.22599	-7.48117
-0.042385	-9.78094
-1.31018	-9.00401
-3.13006	-7.79915
-1.6284	-9.82238
-1.69071	-11.9139
-1.91637	-13.2165
-2.19266	-15.4044
-3.51336	-16.3421
-3.71498	-16.8241
-4.09677	-14.5677
-3.20949	-14.2174
0.0594323	-6.88821
0.465038	-7.14211
-0.226632	-8.73349
0.931545	-8.84087
1.12605	-8.13458
2.86147	-7.73507
3.53026	-6.78471
3.21394	-6.8198
3.78079	-7.38899
2.44805	-3.19853
2.65236	-13.5824
0.599184	-11.2364
-1.17316	-11.6661
-1.45027	-9.91629
-1.0073	-8.97366
-1.93536	-8.06714
-2.97811	-7.35645
-4.54404	-6.40929
-4.71384	-6.16462
-3.44199	-5.84025
-3.0468	-6.23082
-2.21271	-7.3844
-0.795878	-9.02501
-0.20496	-7.60284
0.0488539	-4.49081
1.30429	-3.60526
1.88893	-5.44747
1.9037	-1.63601
-5.67582	-1.90606
-11.413	-2.47334
-7.50971	-3.71719
-2.42378	-4.53816
0.978567	0.675649
-1.31884	1.21122
-2.47319	-4.67033
-2.67734	-6.83469
0.334173	-5.20109
0.755928	-5.87417
-0.717337	-6.79692
-2.22977	-7.392
-3.33274	-6.5702
-3.96891	-5.81688
-3.88432	-4.85517
-2.62459	-4.21312
-1.08145	-4.85962
1.09045	-7.34621
3.31503	-9.40992
3.31249	-8.27067
4.905	-9.51292
6.13095	-9.30928
6.73841	-9.33402
4.23705	-6.99611
-1.50745	-2.84464
1.51545	-6.55997
0.893898	-5.91943
1.25175	-5.95329
1.26363	-5.95066
0.177097	-5.61005
0.671682	-5.98286
-0.369321	-5.92939
3.35211	-2.11852
-3.53365	-1.79446
-6.42279	-3.23427
-6.70326	-1.01421
-3.20062	-1.82471
-3.47839	-3.57629
-3.49103	-6.14234
-3.00232	-5.17858
-3.69982	-11.3741
-1.90414	-9.26075
5.2473	-5.15341
2.52732	-10.9824
1.56319	-11.5041
2.51653	-12.4307
1.35034	-11.1259
1.02361	-9.99642
-0.344439	-8.98969
-1.13588	-8.23871
-2.08519	-8.20246
-2.74523	-7.50248
-2.36694	-7.4615
-1.61722	-8.05193
-1.37355	-7.67857
-2.22152	-6.02846
-3.00892	-4.95422
-4.66109	-2.19795
-5.96961	-2.36985
-4.76516	-5.27408
0.204299	-10.897
3.00262	-9.81585
1.32955	-9.49365
-2.09262	-6.42401
-3.29059	-4.79287
-1.56506	-3.52092
-3.05891	-2.73625
-4.29518	-4.2233
-2.31611	-6.23954
-1.69434	-6.81571
-3.21658	-6.07254
-1.67727	-4.94235
-1.57365	-5.93941
-0.509009	-8.11598
3.76787	-8.89568
3.44109	-9.15774
-0.0508707	-8.67377
2.42406	-8.36546
6.13715	-6.51841
2.00437	-8.57271
4.01421	-11.3497
1.16935	-9.77222
0.354112	-11.2727
-1.08457	-9.3631
-1.60056	-10.875
-3.27757	-9.69836
-2.5586	-11.6981
-1.67028	-12.0682
-1.99932	-12.6448
-2.23327	-12.4089
-0.13902	-13.1788
-0.0847234	-14.3896
0.267054	-13.4324
0.779221	-12.2921
1.61476	-11.9175
1.24745	-12.9765
1.9618	-9.02307
3.31661	-9.0156
4.17869	-8.72791
5.69442	-8.71829
9.57568	-4.13372
4.82084	-6.46852
4.76407	-1.26441
2.78039	-3.22534
0.90673	-3.21842
1.39749	-3.30481
1.94804	-2.88019
0.609797	-3.31887
-0.528045	-6.48688
-1.02767	-4.64273
1.43376	-4.26567
0.703872	-4.16453
1.6841	-0.188625
-0.249279	-3.7485
-0.327136	-1.68418
0.611965	-3.28492
0.888586	-1.38366
0.630507	-1.47803
1.40443	-3.69124
-0.082664	-2.94542
1.60837	1.30649
0.798859	-4.45631
-0.0932131	-1.14026
0.0717536	-5.53451
3.06973	-2.31161
1.64261	-11.1713
-0.155342	-16.8984
0.0943962	-15.3404
6.61143	-8.73642
2.36138	-9.64817
-0.675414	-13.169
-0.111432	-15.5082
-0.562551	-15.9394
0.514641	-13.4355
0.411266	-7.06647
2.66121	-3.26119
-0.442009	-0.774255
-5.39344	-1.78704
-5.54281	-3.94652
-4.21363	-2.44686
-5.84388	-0.64585
-3.11316	-5.52516
2.55144	-3.07606
1.40662	-3.42212
-0.623213	-5.82956
-1.02558	-6.41263
-0.310526	-5.99682
0.226011	-5.99428
2.16085	-8.61696
2.47532	-10.0082
2.77103	-11.9165
2.91298	-10.0692
0.351895	-6.99753
0.306454	-5.96168
0.498677	-6.39527
0.137997	-6.04784
1.03024	-5.86895
-0.509059	-5.2476
0.0577421	-4.81036
1.92905	-7.04303
1.06547	-5.32701
1.71039	-7.07583
2.50606	-11.7596
5.2399	-14.0641
5.89828	-14.0837
5.69984	-15.5033
4.01079	-13.9898
1.6661	-12.5807
-0.670669	-11.0276
-2.16585	-10.0747
-3.74693	-8.39104
-4.65336	-7.0494
-4.72876	-5.40957
-4.95059	-4.24831
-3.40248	-3.41487
-2.29167	-1.13832
-1.20545	-1.88216
1.8441	-5.99469
3.12228	-5.31044
2.78958	-0.801582
0.844082	-2.67759
1.26324	-6.32335
0.0754414	-7.21232
-1.59634	-7.39789
-0.788677	-8.91755
-0.575571	-10.6356
-0.264585	-11.5631
-0.314654	-12.4716
0.200142	-13.8994
0.63441	-14.1245
1.63576	-11.6999
0.812776	-12.1224
0.14095	-11.6895
-1.09264	-10.4574
-0.168799	-12.4782
0.518076	-11.1254
0.371286	-6.70945
2.38052	-6.17388
6.39845	-3.66346
4.26561	-1.01496
-0.0391507	-9.96554
2.46535	-6.26797
2.76132	-6.47167
5.11402	-13.8624
1.25208	-16.2482
-1.18913	-14.3964
1.05579	-13.3406
2.48471	-11.8984
3.53344	-8.87825
3.28443	-12.4462
4.2506	-11.5525
5.19576	-11.5948
5.68881	-10.8744
6.46304	-10.9006
6.41694	-10.6395
7.08223	-10.6701
6.47761	-9.88187
4.26161	-8.38072
2.36405	-8.38668
1.83019	-7.65757
1.52399	-10.5408
1.37143	-10.9992
1.05533	-12.3844
-0.413632	-12.9916
-0.786865	-14.3641
-1.37661	-14.9251
-2.05146	-15.6315
-0.303068	-15.3233
-0.18738	-14.2841
-0.0758464	-13.4837
-0.784097	-12.7345
-0.997909	-13.2391
-1.83852	-14.5835
-1.47043	-14.2672
-1.78645	-15.1021
-2.19607	-15.494
-1.80819	-17.1385
-1.04127	-17.7837
-0.802545	-16.0303
-0.0857089	-13.8535
0.547534	-13.2817
0.746899	-11.0858
0.819633	-8.45727
4.23203	-8.45669
6.95008	-7.81588
4.97212	-4.7007
3.2989	-2.62837
3.65424	-3.89617
2.8624	-3.87179
6.58752	-7.0694
3.60367	-5.57211
6.59736	-6.51532
5.11062	-3.73278
5.19099	-0.893771
4.7017	-6.22229
4.3774	-4.48369
2.12239	-4.72698
0.0855215	-4.19863
-0.0361793	-3.26971
2.52825	-6.60831
3.1397	-3.33215
-3.67058	-3.8487
-5.94415	-4.4332
-3.75138	-6.12772
-2.97512	-7.37703
-3.81052	-6.9709
-3.30318	-8.49509
-1.94475	-9.93414
-0.832907	-9.36172
1.00772	-7.09669
-2.65729	-6.33878
-2.93534	-5.49196
-2.20607	-6.18334
-2.88685	-9.37591
-3.8806	-6.24307
-3.6814	-5.05559
-9.9714	-2.83304
-8.4012	2.19008
-8.20006	-2.09586
-6.35314	-4.56982
-3.5612	-3.35776
-4.03077	-6.2277
-3.63081	-7.84165
-2.57605	-5.66469
1.5826	-0.551289
1.74333	-1.20043
1.89468	-3.36923
0.0308975	-0.0251739
1.61564	3.01868
-0.411471	-2.91886
-6.90563	-4.19667
-8.87149	-3.99378
-7.87598	-4.22205
-6.40419	-3.93346
-5.99065	-1.8863
-2.17376	-5.64322
-1.41603	-2.12299
-3.23112	0.520486
-4.70325	-2.77915
-6.96804	-0.172526
-8.17679	-2.9824
-9.94269	-3.9767
-6.29988	-3.64028
-8.58912	-6.94267
-9.43117	-8.3111
-4.13118	-9.59754
3.1245	-10.6211
2.12994	-14.3542
0.0585627	-14.8558
0.14808	-14.5155
-0.662342	-14.8231
0.00522417	-15.4206
2.54004	-16.7347
2.83161	-17.0142
4.63131	-16.092
5.78396	-11.7119
4.00433	-6.41835
4.34922	-3.31976
4.9234	-6.05522
2.44579	-2.34956
3.80039	-1.86572
4.38505	-5.67931
5.81406	-4.74012
6.37125	-5.22251
2.97426	-6.74908
3.74343	-11.2677
5.71582	-13.9632
4.33341	-11.8287
3.94619	-10.4852
2.65213	-9.16349
1.97225	-8.46788
1.30055	-8.69215
-0.981928	-7.95114
-3.11459	-5.47439
-1.04375	-3.49608
-4.10913	-3.23114
-3.28917	-5.54441
-4.07975	-2.51853
-0.361313	-1.29607
0.0104052	-4.2563
0.485149	-4.81495
-2.41333	-7.30812
-3.6109	-6.7544
-3.19521	-4.0008
0.454738	-3.36045
2.23546	-3.5011
3.1635	-3.31159
0.474655	0.366876
-4.66378	-5.82244
-4.39694	-3.88806
-5.63645	-1.07741
-2.55237	-0.773054
-7.14199	1.26425
-7.69285	-0.633638
-8.04896	0.473556
-7.36914	-1.72328
-7.57484	-0.545191
-10.7727	-2.91022
-8.7019	-2.75882
-10.3099	-2.47518
-10.0019	-0.290472
-6.87284	-1.93545
-8.34139	-1.79831
-6.34173	-2.53463
-1.26041	-0.769218
-2.82908	-1.72264
1.52043	0.771982
2.68539	-1.17465
2.75626	-1.1444
0.538473	-2.00215
1.92806	0.334699
3.16811	-5.69218
3.53565	-4.15325
0.00181931	-5.65818
-1.06765	-0.54884
1.0387	-0.513053
1.50519	-1.94779
1.15364	-3.12743
2.58876	-0.565298
0.583406	-3.08665
-0.273925	-2.34255
0.786802	-2.36501
2.40113	-1.90456
0.697908	-2.56566
2.31313	-2.87454
3.28802	1.02901
-1.51353	-2.77536
1.17776	-1.87934
-2.31305	-3.76476
0.31581	-4.35114
2.03333	-3.11832
-2.41443	-8.64777
2.84721	-3.17014
-0.4922	-3.29066
-7.62895	-9.03659
-2.3838	-7.40571
-5.66717	-12.6426
-4.69199	-13.9925
-2.61785	-11.854
-1.19729	-9.05027
3.70345	-3.58789
-6.5225	-7.08913
-6.15844	-9.89164
-4.95584	-11.8401
-6.65303	-8.8196
-3.48545	-12.4045
-4.33475	-10.892
-3.98238	-10.5596
-1.68337	-10.7143
-0.0750233	-10.8425
-2.84721	-4.3213
5.26854	-5.45181
3.91989	-3.08114
3.68685	-3.61142
3.56588	-6.9947
5.26593	-4.27331
1.57162	-3.36739
-5.49384	-8.02297
-5.57429	-7.1467
-2.05436	-5.90705
-0.916273	-14.5625
-1.31507	-16.9154
-2.39048	-17.0879
-2.47873	-18.8981
-1.75293	-17.8788
-0.19912	-17.8264
-0.2591	-17.4297
-0.322155	-18.1299
-1.40003	-18.3499
-2.07504	-17.6933
-4.4046	-15.3021
-7.62778	-11.4863
-8.06493	-7.34352
-2.52357	-8.18011
1.02186	-9.57544
-0.0769973	-10.1948
-1.28093	-10.8759
-0.756265	-10.8678
-2.08027	-10.0338
-1.94911	-10.0485
-3.18222	-16.3388
-1.73493	-17.6251
-0.485606	-16.582
2.01355	-15.3001
3.24273	-11.2885
1.78791	-12.6141
-0.437248	-12.7272
-1.50485	-12.8488
-2.34429	-11.1768
-4.16438	-9.23429
-4.37128	-10.7489
-2.42914	-13.8694
0.782002	-10.4192
-0.338921	-3.88261
0.386089	-4.84695
-1.89011	-8.80556
-4.90086	-6.03786
-4.07994	-3.8065
-4.43918	-8.54846
-4.07324	-12.4108
-1.72079	-10.2086
3.19549	-4.65725
0.502424	-7.48142
-3.51519	-7.61918
-4.42764	-6.41886
-2.00308	-8.67702
-1.68035	-9.91108
-0.587477	-9.56996
-0.437535	-7.31097
3.03083	-3.07046
2.79065	-4.99784
4.08226	-7.99885
3.46631	-8.68008
3.5803	-10.4141
4.95808	-11.5797
5.87072	-12.8403
5.8784	-12.0731
5.94983	-11.9953
7.81777	-11.6018
8.36027	-11.3476
7.6605	-11.3972
4.55756	-8.66108
2.5481	-12.9058
2.6975	-16.0656
1.8455	-16.8725
0.386187	-15.7241
0.237855	-14.2441
2.53336	-10.4304
1.95013	-8.52379
3.18821	-9.7851
1.90809	-7.22816
1.86548	-5.67997
0.742683	-5.80897
1.31306	-3.46101
-2.66119	-2.72172
-1.51989	-1.47552
-0.623082	2.20558
-0.676641	-2.31776
1.03067	1.44205
2.12649	-0.695321
6.44979	0.596099
2.49556	-8.04146
-0.140764	-5.36916
-2.94458	-5.91103
-3.82253	-6.2843
-3.63437	-7.29437
-4.27656	-6.9526
-4.29856	-7.08445
-5.51327	-7.59854
-5.7517	-7.85075
-5.55562	-7.79903
-5.03352	-8.3031
-4.78175	-8.12979
-3.97142	-8.33454
-3.46836	-8.86459
-2.79217	-9.17963
-0.824713	-10.6746
0.09475	-10.1085
-3.08955	-4.71157
-5.83066	-3.40017
-5.45353	-2.78172
-2.3925	3.11752
-5.247	2.4318
-8.04621	-1.06213
-8.90968	-0.169412
-2.6963	-2.11677
-1.81269	-0.961368
0.0900392	-4.33331
-0.321033	-2.54486
-0.374189	1.10581
3.42046	1.45823
-1.70646	-2.7004
-3.08106	-0.792726
-0.460798	-3.12553
-2.01685	-3.42657
-0.300625	-5.47571
5.58569	-6.47003
6.50106	-6.94268
6.10356	-7.29917
6.65541	-6.23946
7.57573	-5.7344
6.53376	-5.12528
4.59257	-4.02123
3.4483	-3.16398
4.15758	-3.4593
5.20088	-5.99988
6.3697	1.10341
1.73967	-3.37437
-1.4839	-5.39767
-3.00992	-7.33364
-5.32238	-10.8825
-3.75577	-9.16193
2.71918	-10.2775
-0.813311	-10.1848
0.374446	-6.67727
-0.578582	-8.11433
-1.64921	-10.0327
-1.79076	-10.4785
-0.350691	-12.1883
0.578285	-12.5287
1.06254	-12.5644
1.11412	-13.7224
0.714387	-12.9495
1.3521	-12.7243
1.67075	-13.4997
1.16064	-12.1503
2.36209	-10.4111
5.34081	-6.21123
4.49432	-6.73615
3.3566	-5.29329
4.6835	-6.93594
3.56647	-6.60466
5.27549	-6.90905
4.85862	-8.37636
1.88614	-6.20471
-2.54523	-6.97337
-5.28952	-5.6633
-6.17023	-5.04661
-4.07133	-7.36616
-3.40482	-4.21734
-5.69307	-6.74964
-4.04225	-8.45744
-1.44272	-7.09399
-2.35378	-7.95252
-2.24343	-5.33135
-3.38182	-6.28827
-6.35683	-9.2114
-5.11009	-8.00706
-8.31525	-6.76237
-6.8617	-5.48854
-2.78159	-5.55805
-3.42996	-7.47202
-2.19021	-5.82042
-0.300673	-4.65854
-3.02923	-8.41605
-3.94447	-9.44856
-6.28776	-5.11815
-3.38146	-5.50704
-0.0361625	-4.48433
-1.526	-2.32903
1.17901	-2.55043
-1.14098	-5.78468
1.58208	-4.04467
-3.34263	-5.37255
0.114699	-6.20066
-0.98546	-5.70297
2.79035	-2.58707
2.00991	-3.68521
0.450422	-4.00505
0.836677	-4.65157
0.90912	-8.41897
1.5512	-2.86872
1.63839	-3.12801
-0.751966	-1.78268
0.85694	-3.06118
-1.71779	-4.07303
0.234979	-3.78344
1.18864	-2.67405
-1.04261	-2.75552
1.91671	-3.39942
2.29328	-1.62049
2.91977	0.23672
0.512185	-1.68408
-3.0177	-3.57799
-3.14027	-6.18545
-5.88956	-7.07065
-2.81854	-2.30829
-5.71346	-2.74682
-7.52533	-5.48781
-6.58256	-8.68698
-0.763097	-6.46361
3.63653	-10.4329
3.47126	-14.0466
3.8463	-15.9316
3.39573	-15.5957
3.71364	-15.7765
4.30393	-14.6352
4.28282	-13.4133
1.55422	-8.13869
-0.241256	-6.0278
-1.30521	-4.15185
-2.03746	-1.51194
-5.45272	-5.20869
-4.26052	-4.52553
-5.3531	-8.54542
-8.10082	-6.80589
-1.99225	-5.31675
-1.45708	-9.85937
-3.36513	-6.64639
4.01189	-7.05315
0.747911	-11.1752
0.324809	-11.1253
0.348126	-8.98552
0.114481	-7.74409
-0.764226	-5.87431
-0.635376	-5.62306
-0.856795	-5.01901
-0.620279	-4.45431
0.503786	-5.13178
0.92938	-5.49175
1.14992	-6.57653
1.74818	-7.95484
2.47168	-8.69299
2.22891	-10.4924
2.07007	-11.8338
1.60978	-12.0435
2.2914	-11.573
3.72093	-11.4629
2.90942	-8.02854
1.53393	-8.43157
0.442851	-8.30752
2.17833	-8.85856
1.74801	-9.99926
1.12267	-8.39719
0.557031	-5.11206
1.12872	-7.28488
3.48054	-10.9522
5.77988	-5.48728
-6.6343	-2.70172
-4.78991	-0.464601
-4.10682	0.450544
-7.35096	-1.82428
-10.2807	-3.28471
-8.84668	-0.0117993
-9.89193	-6.05457
-7.85862	-6.05759
-3.32196	-1.26422
-0.0469249	-4.72066
0.288801	-12.6708
-1.15682	-10.0115
1.39424	-3.36128
-1.81912	-5.34913
1.4999	-2.52924
1.50415	-3.5545
4.22434	-6.55815
1.13728	-2.98821
1.7483	-2.55755
-2.59941	-6.24201
4.41919	-4.7779
4.12785	-5.02259
-3.13848	-6.78041
-4.41729	-9.84723
-3.57777	-11.8978
-3.65491	-11.2519
-2.74544	-11.3385
-0.17251	-9.30213
3.79368	-7.76421
3.37537	-7.09918
3.5868	-5.66238
3.74203	-5.20825
3.57848	-6.10748
3.87278	-6.2558
5.66252	-5.72119
6.11632	-6.04913
6.94745	-6.91999
7.71262	-8.36161
6.45135	-7.40858
7.67201	-8.64628
8.53571	-9.55483
7.0904	-8.80231
2.45913	-6.67193
0.551679	-9.50364
0.608612	-11.9177
0.412611	-12.7524
-0.267065	-13.1245
-0.226467	-13.4911
-0.59088	-13.7962
-0.605527	-14.3347
-0.358062	-14.72
-0.576279	-14.422
-0.500766	-14.5768
-0.166207	-14.6953
0.682423	-13.8476
2.36222	-13.9258
1.77542	-11.1416
0.182704	-9.19614
0.392192	-10.7151
1.88463	-8.12221
2.89412	-1.29752
-2.00572	-3.31008
-5.43894	-6.73323
-0.104128	-3.42533
-4.58425	-2.44345
-1.30339	-2.81143
-4.42644	-3.46647
-7.17868	-6.52695
-5.85984	-3.88849
-4.38829	-5.9711
-4.46104	-6.48004
-6.33005	-8.61725
-0.241845	-8.18142
1.3753	-9.80043
-1.69864	-9.38474
-1.67261	-8.63407
-0.707168	-5.57224
-2.58451	-6.97831
-1.22742	-4.55448
-1.68464	-4.36839
0.736487	-2.58534
1.79681	-9.66305
3.88199	-14.4875
5.08469	-3.00363
5.79146	-4.60192
1.52935	-9.58675
2.84632	-12.2451
2.06441	-7.1931
-2.36112	-2.96907
-4.64596	-2.53433
-4.47791	-5.79477
-2.89963	-7.71579
-2.99867	-6.14575
-4.97191	-4.12859
-6.32918	-2.12066
-8.30826	-1.32236
-6.86801	-0.174393
-5.32432	-0.941068
-1.46784	-4.46411
0.562882	-9.64131
1.25252	-13.4547
0.783987	-14.4027
0.947559	-15.1742
2.86841	-13.5241
5.11693	-9.17622
4.19071	-7.19717
3.7427	-6.61402
3.35153	-3.54912
4.56603	-6.40373
5.31896	-4.58226
5.13759	-5.32617
4.01421	-3.34546
4.73903	-4.53371
2.28807	-2.91862
2.56465	-4.25587
-0.496032	-7.00378
-1.67046	-8.76524
1.83346	-11.7447
1.67701	-14.6007
1.16374	-15.9862
0.457573	-14.8559
-0.891538	-14.468
-0.694236	-13.9351
-0.0886318	-13.6086
-0.110873	-13.0097
-1.08317	-11.9511
-1.08188	-12.1774
-1.54173	-11.8546
-0.953772	-13.1164
-1.38635	-13.1832
-1.97088	-14.5814
-2.14439	-16.0861
-1.9613	-15.9681
-2.11281	-14.7903
-2.44236	-13.4092
-1.8072	-10.926
-1.58293	-9.91121
-0.444414	-10.0492
-2.80782	-7.83605
-1.3127	-6.80443
-0.158358	-7.19725
2.4231	-5.44006
0.85759	-5.29709
2.11637	-4.70123
3.16586	-2.55244
-2.78904	-5.3417
-3.26387	-5.72024
-3.1298	-9.50816
-1.48448	-5.52111
-0.93355	-3.37756
-2.04462	-6.00922
-3.84092	-3.67943
-2.13292	-4.80078
-3.73398	-4.9794
-5.29006	-5.82189
-5.00678	-7.87673
-5.48184	-8.7151
-2.67655	-2.43017
-2.14803	-3.6858
-3.19863	-0.921298
-2.73485	0.807571
-4.04795	0.105404
-2.08015	-3.15072
0.012904	-1.61012
-0.37402	-1.89028
1.74175	-1.76045
0.121689	-2.30673
-0.996669	-4.75217
-0.656811	-3.57984
0.421094	-3.26408
0.301407	-7.05041
3.87437	-5.87017
1.64258	-7.32575
-0.0178587	-5.83016
-0.826708	-10.0739
-0.492384	-6.53234
0.318854	-10.5217
-2.57468	-12.7772
0.157492	-11.1413
4.11481	-10.9722
2.80833	-13.8824
1.93283	-16.3992
0.551144	-15.7137
0.94269	-16.1998
0.571269	-15.7331
-0.145654	-15.9271
-1.18471	-16.8958
-2.77445	-17.0425
-3.64171	-16.1898
-3.98892	-15.476
-3.26159	-15.91
-2.77681	-16.1736
-1.38217	-16.3723
-0.0158533	-16.3962
1.40265	-16.4047
1.38005	-14.9967
1.09573	-13.5466
0.696823	-12.9259
-0.495733	-11.5848
-0.357916	-11.8996
-1.11007	-11.8901
-1.16271	-12.1526
-1.02047	-14.6889
0.507862	-12.4635
1.57914	-15.2748
2.69217	-15.5341
2.23211	-13.2725
2.05156	-9.68075
1.90977	-7.13122
1.3454	-8.40937
0.384579	-8.81998
-0.2011	-8.44055
-0.202268	-7.91997
-0.139891	-7.55878
0.163823	-7.48015
1.4069	-7.74378
2.47726	-8.40684
5.18107	-10.262
2.76924	-11.3464
1.32807	-8.07947
0.472402	-8.87157
-0.97709	-7.67925
-1.07869	-6.01436
2.16389	-6.38363
0.156613	-2.00716
-5.04057	-3.61826
-1.349	2.42906
-3.76891	-1.19741
-5.51515	-6.97105
-5.10927	-4.85719
-4.70668	-2.87819
-6.01284	-4.30318
2.294	-5.16616
2.73811	-3.47013
-0.0650296	-6.58268
-2.22444	-6.17865
-3.03664	-5.36381
-3.07712	-6.0389
-3.37361	-6.10005
-3.74317	-5.67169
-4.28122	-5.40605
-4.48771	-5.44213
-5.39648	-5.23202
-6.09664	-5.06095
-5.03657	-4.43512
-1.10614	-1.44566
2.80346	-0.134088
-0.381018	-0.972338
-2.40135	-1.4016
-4.14843	-7.47406
-2.75048	-3.94446
-0.000718102	-2.4214
-4.78366	-3.28575
-6.80962	-3.89509
-5.72998	-6.15814
-4.8989	-7.01118
-5.51308	-7.04098
-4.68283	-7.55679
-3.50631	-8.25328
-1.2663	-6.91764
2.61338	-4.1926
2.14117	-4.63129
1.40734	-3.35316
2.12651	-4.66757
-2.18123	-1.50083
1.32583	2.53899
-1.86612	6.61308
-3.21234	5.1267
-3.71273	4.78775
-3.17017	-0.395327
-0.00347442	-1.86716
0.755013	-4.89613
0.377525	-6.12598
-0.989918	-6.0799
-1.81569	-6.86964
-0.499819	-9.77833
2.87469	-12.069
4.10409	-8.91473
1.46774	-9.78939
-0.460443	-9.21157
-2.71504	-5.89817
-3.95445	-3.63595
-3.83057	-2.57723
-1.84962	-3.99192
-2.79497	-3.03706
-2.51738	-3.49039
-1.33469	-4.61165
3.24894	-10.3399
3.42318	-10.5272
2.38436	-10.5015
3.24071	-10.3592
0.496484	-9.00175
1.68076	-5.74027
3.93611	-5.46288
4.02488	-3.58034
-2.74125	-2.24457
-4.58917	-8.28206
-4.60339	-8.30745
-0.0768339	-2.55899
-3.07653	-3.71732
-4.2651	-5.20854
-5.21791	-5.58726
-5.52858	-5.40102
-5.79507	-5.04192
-5.26696	-3.4026
-2.17206	0.0390035
5.21636	-3.28957
3.56621	-1.62414
2.55984	-3.68975
-2.19095	-11.3852
-3.17825	-6.40851
-3.19749	-8.22655
-1.77914	-8.09617
1.43825	2.34436
-5.31656	-4.92503
-5.59003	-4.04276
-4.92132	-4.02405
-5.3134	-3.76807
-5.14543	-4.98549
-3.72203	-6.63525
-3.22337	-6.77945
-2.90249	-6.65369
-2.10296	-6.59259
0.0882217	-6.88903
0.0114565	-6.37543
2.57231	-6.79405
3.27123	-5.72968
3.10062	-5.06574
4.31465	-5.14619
3.61527	-4.26125
3.994	-2.30683
-1.16445	-6.13465
-4.90108	-12.8807
0.752067	-13.1926
1.62353	-13.2627
1.70773	-11.1019
-0.33465	-12.2809
0.0861686	-13.4685
0.583849	-13.2039
0.392673	-14.0568
-0.972132	-11.6655
-0.295211	-11.6689
-0.875462	-12.7845
-0.362338	-14.6638
-0.67597	-15.1922
-0.935167	-15.6093
-2.35493	-14.2624
-1.52725	-14.8409
-2.11022	-16.0622
-1.31798	-12.5565
-2.68892	-7.48829
-0.852587	-6.52558
-0.29167	-2.74781
0.668504	-1.67865
0.393218	0.194763
-0.24045	0.935799
-1.41997	3.87988
2.73513	5.77781
-0.0592173	1.04318
-0.902208	2.16196
-3.98314	1.82251
-1.74645	-1.4147
-2.49777	-2.35116
0.121651	-0.925521
0.836948	-0.257884
1.65214	-4.94037
0.728854	-2.01916
2.76992	-0.196737
-0.59649	-2.36253
-1.33213	-5.16531
-1.54779	-5.3308
1.09094	-2.47771
0.162827	-4.10885
-0.659222	-5.05223
-1.16303	-4.53524
1.23508	-5.89073
0.591528	-4.92902
-1.43836	-4.96785
-0.195738	-3.04263
1.77559	-4.25725
-4.2307	-1.80386
-1.75712	-2.57065
-1.8666	-2.45343
1.93299	-1.98367
0.862444	-4.50013
1.77112	-3.39261
0.888642	-1.6729
0.121626	-1.30287
-2.49492	-3.94122
-1.79515	-6.95228
-0.82834	-8.7837
0.127876	-8.85683
-3.69146	-7.03411
-4.79623	-7.42738
-3.08396	-8.99303
-4.54787	-8.09286
-5.08613	-6.91375
-5.11346	-6.64207
-4.26096	-7.78967
-4.22259	-7.2717
-2.57825	-6.16157
-2.81167	-6.74995
-1.7666	-0.40194
-9.28241	-2.65884
-5.63664	-0.864616
-6.34627	-5.00953
-7.36746	-5.20509
-5.53285	-6.89439
-4.2329	-6.11701
-3.05634	-3.89671
-3.51553	-5.36891
-4.95386	-6.41675
-5.61426	-6.89273
-4.36231	-8.24529
-2.25522	-9.98045
-0.864641	-8.63764
-1.16096	-4.74969
-2.15382	-2.80032
-2.93625	-3.96849
-4.14395	-3.78348
-4.51332	-4.58004
-4.25581	-3.69265
2.50718	-2.83941
1.25762	-6.55668
0.173833	-5.4034
-0.0221625	-7.72239
-0.703281	-6.32836
2.79942	-3.28845
2.7533	-6.45164
0.565112	-3.91623
-0.938303	-4.77419
-0.867372	-5.62004
-0.589744	-5.55619
0.636181	-6.36222
0.606737	-5.94286
1.47939	-6.77178
0.881797	-6.30178
-0.00783054	-5.24358
-2.14711	-3.48884
-0.54264	-4.40785
-0.423089	-4.50281
-1.08038	-4.5954
-1.02983	-4.96725
0.537668	-7.77725
-1.16375	-6.67997
-1.33064	-6.67214
-0.9186	-6.26348
-0.888806	-5.19265
-1.25769	-3.52019
-1.61473	-1.81987
0.708563	-2.45849
-2.70527	1.13061
-2.20055	-1.1375
-3.02606	-2.14496
-2.76294	-3.41368
-1.77532	-5.47243
3.09458	1.21875
-1.32108	-4.94487
-3.08617	-1.7964
-5.28258	-3.95405
-5.27398	-5.14128
-2.4922	-6.42704
-0.139346	-4.86011
-2.35574	-0.640077
-2.98451	0.996779
-3.71387	-1.1527
-2.78158	0.798658
2.703	-1.07217
2.3248	-3.82709
2.33224	-7.19503
1.72498	-6.6123
0.42516	-3.90649
0.199226	-8.70964
-1.11593	-8.3985
-5.09894	-7.8998
1.16659	-12.0422
0.138205	-9.88945
2.05473	-14.4017
0.995558	-15.2887
1.4636	-16.4695
1.29357	-16.8441
1.95305	-17.2656
1.8994	-17.4476
1.65661	-15.9726
3.46835	-13.7208
2.56121	-9.86424
6.3197	-2.69824
5.9598	-7.04947
0.958344	-9.59332
-2.45496	-9.18008
-1.09839	-5.24195
-2.70102	-3.00935
-2.26644	-3.64907
-1.19095	-5.36752
-0.641966	-3.72066
1.16998	-10.7831
-1.59917	-9.15837
-2.66393	-9.05969
-3.47835	-8.25979
-2.43864	-8.65162
-2.67965	-8.31675
-3.65184	-7.32177
-3.77286	-7.32463
-3.96049	-6.13133
-4.52321	-5.4029
1.58074	-0.369662
5.83442	-1.75274
1.39039	-4.69614
-0.867614	-6.04719
-2.18692	-6.19496
-3.73919	-5.46446
-4.69049	-9.82835
-3.85794	-9.4638
-1.13516	-5.84328
-2.5427	-6.50539
4.07155	-12.7212
8.07722	-12.1135
4.20857	-10.8037
6.79292	-11.5639
2.55725	-13.4367
1.06229	-13.2336
-0.709756	-12.0002
0.908008	-13.6867
1.481	-14.4397
2.1911	-14.2193
3.43601	-14.218
3.0242	-13.5341
3.76843	-13.8471
3.31416	-11.356
4.30844	-9.60683
6.6293	-7.91012
6.83869	-8.5478
4.85289	-7.70665
4.61231	-7.18498
4.3646	-7.03992
4.03707	-6.49263
3.68852	-7.74258
0.901232	-9.27085
-3.3155	-9.81829
-4.58067	-8.97452
-4.63404	-8.94642
-7.33304	-5.73228
-3.93868	-8.85261
-3.79914	-10.455
-2.57347	-10.3733
-2.2032	-9.8751
-0.167321	-8.81163
3.43828	-6.2091
-1.3375	-4.51846
-1.07101	-0.842481
-6.19015	-2.82376
-5.98849	-3.34195
-6.03132	-1.6902
-9.68493	-2.91653
-11.1602	-3.25373
-6.03914	-2.94345
-7.64375	0.218
-7.95227	-1.53373
-9.66073	-2.71561
-6.06854	-3.90143
-4.07012	-4.57253
-3.41461	-5.10784
-7.35789	-2.91484
-5.42913	-2.27044
-6.69545	-7.35769
-5.33912	-4.51603
-4.17968	-4.36371
-3.03225	-3.32848
-2.71698	-3.117
0.299806	-3.42932
1.69289	-2.81633
-3.74834	-6.14147
-1.0435	-5.64436
-0.951105	-6.1676
1.67401	0.0200607
-1.61103	-7.20021
-0.0136585	-7.66022
1.94923	-7.84024
4.78249	-6.52015
5.0455	-8.44661
5.76149	-9.49888
5.80271	-9.81155
4.25925	-9.21242
2.43656	-7.97999
1.0949	-5.05119
0.596185	-5.76428
-1.15776	0.35122
-1.07481	-0.877945
-2.76924	-6.1452
-6.30275	-2.5919
-7.0825	-1.63572
-4.42048	-4.76973
-2.51662	-6.68039
-2.75699	-6.86484
-4.08301	-6.53943
-1.85081	-9.44744
-2.23477	-9.26645
-1.90949	-7.48423
-0.00656911	-7.08292
1.97336	-7.43327
5.56556	-8.46079
6.30571	-8.30227
5.84043	-8.17571
5.95374	-7.54836
2.3029	-7.49439
-0.411843	-7.98894
-3.17222	-4.80999
-2.87973	-5.44781
-4.50676	-5.5354
-5.39046	-5.96973
-6.65192	-5.37651
-7.98152	-5.58611
-9.36324	-5.50944
-10.2678	-5.67443
-11.0879	-5.38709
-11.1676	-4.43158
-10.7719	-3.88062
-10.7418	-2.86617
-9.93546	-3.39412
-8.11531	-2.90019
-7.33764	-0.926413
-6.08373	-1.37362
-6.70058	-1.47431
-6.57084	-3.30975
-6.61772	-3.57759
-7.03437	-3.7923
-6.71827	-2.58161
-5.33525	-2.2091
-4.85763	-2.08451
-4.0668	-2.41069
-3.41452	-2.23114
-2.86873	-2.50598
0.218937	-5.82295
3.76266	-5.2238
4.84204	-6.78195
5.58582	-6.60655
5.2009	-8.99875
4.58451	-9.04465
4.20353	-8.63685
3.5984	-9.19808
3.22381	-9.50425
2.80894	-8.35981
3.44025	-6.27933
4.15936	-2.75814
2.50298	-2.4197
-1.86856	-4.92469
-0.226777	-8.17221
-3.04279	-6.9812
-5.65293	-2.81045
-4.84001	-4.68483
-5.71433	-4.29046
-5.12752	-3.35996
-3.74876	-8.11953
-2.75967	-8.28768
-3.55856	-7.39239
-1.85294	-7.25356
-0.529779	-7.07831
-1.03542	-5.79074
0.932616	-5.96735
5.13209	-9.4551
5.72313	-8.23575
6.66847	-7.8773
6.77986	-7.7736
5.17613	-6.88138
-0.491253	-3.30717
2.26812	-6.07439
3.06759	-8.82183
1.44194	-9.75077
1.51006	-11.2542
3.13701	-13.6015
2.65218	-12.5053
1.55079	-8.59105
1.56117	-4.53708
3.99447	-2.40827
3.39094	-2.58294
0.323624	-10.4289
-0.980143	-14.1237
2.65615	-5.50058
2.88352	-15.5692
1.38256	-17.7096
1.86882	-15.5281
4.66329	-17.7445
6.88291	-14.8834
6.4618	-9.65206
4.81135	-6.34413
5.92023	-2.95947
6.50304	-4.70292
4.23355	-2.48329
3.39604	-2.40366
1.90726	-2.02397
3.55	-5.71665
4.54165	-4.61434
2.34871	-1.12247
3.92481	0.158827
-1.46635	2.08029
-4.80088	2.05242
-1.68365	0.627883
-0.114747	-1.77143
5.1384	-4.94121
2.48345	-13.7426
3.36466	-15.829
1.95429	-14.308
0.328254	-11.4821
-2.99774	-9.78324
-5.1502	-8.124
-3.81569	-7.19756
-7.41175	-3.65435
-2.92273	-5.59944
-6.00487	-6.314
-5.95937	-5.89947
-7.08128	-2.53246
-4.77896	-4.75031
-3.49904	-3.55685
-1.12337	-3.46697
1.35185	-1.93277
1.00283	-3.73207
-2.70983	-7.83168
-2.74843	-6.08281
-1.30737	-9.13943
0.577478	-4.20493
0.625748	-5.53745
1.18388	-1.57626
-0.359922	-4.84615
-1.02458	-1.33333
-6.41459	-3.81008
-5.18377	-2.42936
-3.84323	-0.237071
-2.87033	0.679749
-3.78865	-5.34672
0.660238	-5.38594
1.19436	-4.00895
0.874961	-2.73367
0.695055	-3.66065
0.495976	-3.30381
-0.996545	-1.6288
-3.99323	-6.06159
3.67911	-2.69096
1.92106	-3.62124
-0.450613	-2.41517
-1.0879	-4.60253
-0.108191	-6.74811
0.00872422	-4.36291
0.945103	0.792
1.90685	-3.55287
2.20337	-5.61553
-0.767356	-4.44796
0.70177	-2.0234
0.089815	-6.07535
3.69349	-0.853033
1.97029	-12.7938
2.11041	-15.3239
2.59249	-15.7477
1.63581	-13.7051
0.574166	-12.1378
-0.953118	-10.2554
-2.95749	-8.38437
-4.19389	-7.61009
-5.74723	-6.58658
-7.63839	-5.58397
-8.59327	-4.76902
-8.75082	-4.76992
-7.25862	-5.4259
-7.94014	-2.56469
-6.44212	-1.90225
-5.98123	-0.507856
-3.87237	-0.740484
-3.4314	-0.236513
-2.33533	0.773235
-2.24613	0.0876135
-0.289795	-0.967054
1.66321	-4.24605
2.98495	-7.55878
3.9962	-12.236
3.42854	-15.5215
1.86331	-16.7853
0.797218	-17.7816
-0.303314	-16.8078
-0.64876	-17.0763
-0.741961	-16.5102
-0.144685	-16.4298
1.0262	-16.1615
2.24874	-15.5829
4.28219	-15.7687
6.38099	-14.5081
6.25309	-9.70736
4.85213	-8.26129
2.89447	-6.77481
2.97584	-8.73921
3.72589	-9.40199
3.19858	-13.2355
0.611792	-12.4848
2.33768	-11.5798
3.84839	-12.477
3.42396	-10.9314
2.65295	-7.50957
0.349487	-6.82792
0.249465	-7.17937
-0.0654814	-6.921
0.243538	-7.4356
-0.241342	-7.40183
-0.0253181	-8.23087
-0.669406	-8.01826
-0.760936	-9.10382
-1.17725	-9.62096
-1.47202	-9.38589
-1.94494	-8.40425
-2.94352	-7.11015
-2.33989	-6.76831
-0.710451	-8.0238
-0.869528	-0.577011
-4.18932	0.194906
-8.53066	-1.53058
-6.1118	-3.85499
-6.02593	-3.9372
-8.11149	-2.68021
-6.97237	-3.61263
-3.731	-6.26035
-5.4709	-6.83675
-2.70647	-3.87982
-1.1768	-2.99593
-0.508325	-4.80925
1.38489	-7.14646
2.30969	-9.07982
2.34758	-9.31808
1.92799	-8.58774
2.81661	-8.77985
3.35538	-8.29305
4.22725	-7.5802
2.51057	-7.39144
4.42971	-3.94661
2.93999	-2.22851
2.6369	-2.93303
-1.92616	-4.32767
0.806096	-1.21812
-3.07707	-5.66195
-8.08973	-1.94132
-7.36138	-2.22151
-7.04745	-2.64019
-6.12811	-3.48257
-5.49526	-3.96766
-5.64302	-2.16256
-4.83066	-2.19925
-5.34	-1.39934
-7.18686	-0.715849
-7.66454	-2.48378
-5.00861	-3.94074
-1.38311	-4.51241
2.74791	-1.82278
2.06979	-0.592738
-0.808799	-7.97237
-0.463062	-9.41314
-1.6576	-7.37129
0.0541645	-9.249
1.11369	-6.32359
3.90127	-4.55639
5.93916	-3.56614
4.93723	-2.41863
4.17372	-3.01011
-0.211803	-3.18001
-0.924812	-5.66511
0.152207	-3.74396
-3.9783	-8.28676
-4.53085	-11.6124
3.31495	-7.75386
1.89939	-11.4547
0.81199	-16.8485
1.98453	-18.4163
1.54291	-15.4699
2.68658	-13.045
5.51089	-10.4654
5.24884	-11.4102
3.82844	-11.2064
2.98758	-11.921
2.47784	-11.6903
3.24825	-10.6807
2.45541	-8.40279
2.10044	-7.55674
-1.12552	-3.92241
-3.0543	-3.72293
-2.72587	-3.27435
-0.389397	-4.86925
-3.63957	1.32801
2.05777	-3.28753
-0.887743	-4.00635
-1.02574	-3.51972
-0.996064	-2.09
3.12235	-1.30394
0.0599109	-3.85667
1.56537	-8.04211
0.714324	-8.936
0.594053	-8.09795
-0.461686	-6.67396
-1.64325	-4.95763
-3.31456	-2.77648
-3.99416	-1.41918
-4.94031	-0.982192
-4.13214	-2.98427
-3.66374	-4.93825
0.258971	-4.19875
1.28741	1.87114
-0.209902	0.765848
-4.08006	2.17056
-5.00056	3.03748
-3.31789	-1.79192
-8.15367	-5.97262
-2.83915	-1.17576
-2.07377	-8.19459
-3.06646	-9.72161
2.18526	-7.9108
7.40341	-5.41153
-0.537795	-4.91841
-0.809907	-7.56007
-1.87709	-7.43399
-1.56098	-6.16762
-1.39159	-4.53542
0.919047	-4.69481
2.44054	-6.12517
5.57901	-7.33567
5.17661	-7.42495
5.75901	-8.83799
4.99073	-9.21842
3.89415	-8.4548
1.79866	-7.2045
0.842493	-6.11536
-0.212538	-4.03646
-0.585123	-2.91951
-0.817906	-2.6687
-0.56021	-1.76456
-1.23769	-0.731364
-2.1739	-0.643341
-1.37586	-1.6849
-3.47031	-2.33997
-3.97269	-5.08864
-2.83767	-6.52141
-5.66718	-7.61593
-3.2181	-10.0003
-3.6878	-11.7537
-3.69148	-6.10263
-3.87613	-3.96336
-0.902813	-6.48183
-0.945544	-6.29478
-2.43935	-6.90239
2.11697	-4.08899
2.1464	-1.9191
2.00867	-3.48825
1.90501	-6.42239
1.18393	-2.49666
4.02383	-2.98959
4.61329	-3.16204
-1.64169	-10.4503
-3.7744	-9.48061
-4.02579	-13.64
-5.53698	-10.6095
-3.91389	-10.0114
-2.46692	-9.46715
-0.47015	-7.62126
5.50088	-6.42282
6.49532	-6.21677
6.13196	-6.67816
5.14961	-4.63532
3.73167	-5.51135
0.128911	-6.25673
-0.30095	-6.61639
-1.28171	-5.9891
-1.59445	-5.87167
-2.5362	-5.38988
-3.44643	-4.34164
0.0648431	-8.11894
1.91526	-8.8256
2.19165	-5.01569
2.80772	-0.792544
2.07444	-0.748774
4.55554	0.587047
3.21603	-1.23078
0.326278	-5.38271
2.10771	-11.663
0.887827	-12.4499
-4.85105	-3.90973
-6.02022	-1.09367
-5.43288	-3.84375
-4.6513	-5.58738
-5.5559	-5.11589
-6.01789	-4.82359
-5.35725	-5.8369
-2.80907	-6.56981
-3.97819	-4.88549
-3.12518	-0.285356
-3.87349	0.0216009
-3.53519	1.40882
-2.11699	2.03041
0.469119	0.326036
-1.49262	-3.13383
-1.9575	-1.22935
-3.27015	-0.929088
-2.52947	-0.44895
2.7252	0.610734
2.34188	-0.601097
3.55286	-2.32568
3.69645	-1.5426
-1.37745	-5.61242
-5.5771	-3.69561
-5.91826	-4.95561
-6.08637	-4.51569
-5.42451	-5.59702
-5.31804	-5.61951
-3.31995	-7.52618
-1.16224	-5.13242
-2.27729	-6.39774
-1.91826	-8.43327
-2.97563	-7.98092
-0.402769	-2.98892
2.36197	-2.38524
1.10337	-2.45876
2.76125	-5.41143
2.69917	-5.03929
1.48138	-1.69837
2.0472	-4.51344
3.90899	-2.76951
4.31157	-0.256995
0.0899817	-4.92188
-4.78354	-4.34141
-7.4394	-3.58025
-3.52093	-5.37332
-1.15983	-6.1681
-1.11151	-3.72638
3.66338	-0.359119
6.18584	-1.91739
5.26254	-1.62546
-0.215154	-4.85929
-2.52039	-7.49915
-2.79684	-7.94941
0.688996	-9.95675
3.30169	-9.92181
3.91633	-16.4423
3.68966	-19.4375
2.7252	-18.8083
3.29649	-18.943
3.0565	-18.0512
4.09097	-17.7215
4.93037	-16.8464
5.90993	-15.8393
3.59686	-14.0639
2.29509	-11.3595
2.87612	-10.3924
2.94732	-8.82663
2.99669	-8.96214
1.51351	-3.17745
0.478817	-2.69668
0.344866	-6.84312
-2.63112	-4.85741
-5.16941	-3.03058
-1.92004	-4.96618
0.927404	-8.61617
-2.19725	-9.66671
-4.23431	-11.287
-4.16702	-11.1283
-4.26774	-8.78049
-2.71151	-7.6938
-2.0826	-7.91159
-1.60612	-8.64694
-3.31394	-7.098
-4.1678	-6.80147
-4.50198	-6.50021
-3.8275	-5.46278
-2.73597	-5.66604
-1.98146	-6.94169
-1.17798	-9.79368
-1.42975	-12.9261
-2.8893	-14.0026
-4.22893	-12.4093
-3.53349	-9.7796
3.95908	-12.6465
4.00819	-11.6166
2.6764	-11.7388
3.25063	-11.4219
3.64165	-12.4589
4.45046	-8.28271
2.07732	-5.13707
4.19998	-4.12211
1.75771	-6.5544
-4.31707	-6.36119
-1.0275	-8.26126
1.32944	-8.72692
-0.0230291	-12.763
-2.17655	-9.85296
-2.38075	-8.69136
-1.49473	-9.35592
-0.382318	-10.6777
-0.139967	-10.021
-0.56139	-5.56782
-0.187303	-9.58576
1.13635	-12.045
0.12402	-10.8541
-0.703248	-8.86726
-1.41616	-4.88284
-1.8063	-4.61097
-1.62717	-3.96378
-1.94576	-4.96511
-3.76358	-5.28399
-4.73955	-5.91334
-4.42268	-6.77464
-4.41602	-7.1281
-3.78627	-5.93546
-2.96457	-5.71689
-1.03355	-7.0925
0.333466	-8.6569
2.84494	-9.83015
5.40325	-9.33569
5.23043	-11.9885
4.81534	-12.4751
4.55171	-12.7186
3.57733	-11.4093
-1.29927	-8.82033
-4.8698	-6.98358
-7.2438	-7.26671
-7.39191	-7.06374
-8.10731	-7.98988
-7.62773	-9.72884
-7.13887	-12.0548
-5.37155	-14.6781
-3.79417	-15.1891
-1.98777	-14.8804
-0.91851	-12.6894
-0.449812	-10.4782
-1.37441	-8.2272
-0.990139	-7.65877
0.378781	-9.03013
0.174676	-8.39681
-0.583378	-8.32028
-4.40253	-5.78676
-1.55819	-8.74336
-3.24825	-6.13598
-4.8009	-6.03847
-5.40159	-4.62867
-5.5853	-3.80291
-6.92501	-2.55196
-7.34972	-2.29126
-7.14957	-3.71931
-6.3471	-5.63313
-3.86281	-7.67436
-1.59896	-8.33437
0.37944	-9.62611
2.67341	-9.23676
4.88847	-7.36806
5.42301	-10.6983
4.67222	-10.4283
5.07409	-11.7861
4.53285	-10.6446
3.84019	-9.69398
-0.475554	-5.70426
-3.83522	-3.69051
-5.6087	-5.28775
-4.48859	-8.71037
-3.06576	-11.1958
-1.74715	-14.0029
-0.383688	-14.2464
0.554815	-13.0587
1.23431	-12.3463
1.94345	-11.99
0.971126	-8.6489
-1.40395	-4.49689
-0.359965	-5.95706
1.22081	-2.26025
-3.6959	1.63235
-4.8853	1.0281
-3.62919	1.52674
-3.91124	-0.0957814
-6.24533	-1.72153
-5.94273	-7.91205
-2.895	-3.86888
-1.19197	-2.81495
-2.16605	-2.90788
-0.852556	-0.439008
1.60761	-1.0284
1.85102	-3.21928
-3.90386	-4.43109
-6.65814	-3.71402
-5.27642	-3.50259
-2.69969	-3.11782
1.86779	-2.70474
1.04796	-5.44219
3.33668	-8.21906
4.64048	-9.97201
6.09388	-13.2375
4.84862	-15.744
2.79919	-14.6872
1.93138	-14.6326
0.943989	-16.1746
0.042604	-16.6272
0.256044	-17.4453
1.41882	-18.548
1.85342	-16.582
1.60088	-17.1917
0.796312	-16.1359
-0.311552	-14.9075
1.29202	-11.7271
2.55823	-8.77155
2.08036	-10.674
0.369714	-11.3307
-0.493225	-9.59417
-0.513361	-8.83383
-1.15873	-10.377
-4.85617	-10.1908
4.4095	-6.41572
1.72479	-5.74057
2.04884	-5.58808
-0.666009	-13.148
-3.2305	-11.9371
0.511101	-15.2783
2.39513	-15.1128
4.10982	-9.62466
1.60175	-11.6189
2.37051	-8.58061
4.56449	-4.69183
2.82915	-6.67633
-0.739935	-5.83488
-1.38613	-7.9291
-0.0902719	-9.39512
2.62419	-3.64748
3.27012	3.12642
0.768413	-1.06047
4.26369	-1.17167
5.07624	-2.81141
2.64308	-0.507456
0.938061	3.37579
1.62928	1.00002
1.58383	-2.41483
-1.46321	-0.185872
-0.779275	-2.60544
0.742156	-0.417358
-0.735966	-4.36668
-2.60398	-6.65753
-1.46828	-0.666357
-0.131756	-2.8311
1.33197	-0.583003
-0.643467	-4.15105
-2.16783	-6.53548
1.56608	-2.39047
-0.190684	-3.09514
0.956129	0.471734
